   4.5768842e+04   3.8446387e+04   3.7843250e+04   3.7732224e+04   3.7537549e+04   3.7626557e+04   3.7730209e+04   3.7808882e+04   3.7369124e+04   3.7338468e+04   3.7393046e+04   3.7353089e+04   3.7486643e+04   3.7455696e+04   3.7438372e+04   3.7406431e+04   3.7426911e+04   3.7438666e+04   3.7432775e+04   3.7425640e+04
   5.0000000e+00
   3.0000000e+00   3.0000000e+00  2.8210413e-218  3.9107451e-307   1.0000000e+00
   1.0000000e+00   1.0000000e+00   9.8524180e-01   1.4758204e-02   2.1597802e-43
   1.0000000e+00   1.0000000e+00   9.9930848e-01   6.9151848e-04   6.7273135e-51
   1.0000000e+00   1.0000000e+00   9.9491787e-01   5.0821291e-03   9.4159907e-14
   1.0000000e+00   1.0000000e+00   9.9659172e-01   3.4082804e-03   4.6029587e-18
   1.0000000e+00   1.0000000e+00   9.9990846e-01   9.1544207e-05   2.1772682e-36
   1.0000000e+00   1.0000000e+00   9.9981571e-01   1.8428542e-04   5.9594091e-49
   1.0000000e+00   1.0000000e+00   9.9983282e-01   1.6718084e-04   4.5903958e-60
   1.0000000e+00   1.0000000e+00   9.9983835e-01   1.6164748e-04   2.6784801e-65
   1.0000000e+00   1.0000000e+00   9.9975978e-01   2.4022212e-04   2.3301004e-42
   1.0000000e+00   1.0000000e+00   9.9969494e-01   3.0505947e-04   8.1239115e-37
   1.0000000e+00   1.0000000e+00   9.9557694e-01   1.9468008e-04   4.2283790e-03
   1.0000000e+00   1.0000000e+00   9.9977026e-01   2.2974210e-04   2.4295654e-56
   1.0000000e+00   1.0000000e+00   9.9976986e-01   2.3013684e-04   8.5915013e-42
   1.0000000e+00   1.0000000e+00   9.9992528e-01   7.4724745e-05   3.9783952e-77
   1.0000000e+00   1.0000000e+00   9.9996282e-01   3.7180432e-05   8.2598906e-57
   1.0000000e+00   1.0000000e+00   9.9950750e-01   4.9212370e-04   3.7776933e-07
   3.0000000e+00   3.0000000e+00   8.3253520e-02   2.3538759e-03   9.1439260e-01
   3.0000000e+00   3.0000000e+00   2.8033526e-03   1.0008801e-02   9.8718785e-01
   3.0000000e+00   3.0000000e+00   7.7668881e-04   8.9501851e-02   9.0972146e-01
   3.0000000e+00   3.0000000e+00   3.7096219e-03   2.2692591e-02   9.7359779e-01
   3.0000000e+00   3.0000000e+00   7.0507110e-04   7.6308056e-02   9.2298687e-01
   3.0000000e+00   3.0000000e+00   1.1529549e-03   2.7271988e-01   7.2612717e-01
   2.0000000e+00   2.0000000e+00   3.8151877e-04   6.4067879e-01   3.5893969e-01
   2.0000000e+00   2.0000000e+00   3.2727700e-05   9.9992098e-01   4.6295642e-05
   2.0000000e+00   2.0000000e+00   1.1557398e-05   9.9998844e-01   2.0167926e-11
   2.0000000e+00   2.0000000e+00   1.0189637e-05   9.9998981e-01   1.6778058e-09
   2.0000000e+00   2.0000000e+00   5.9284581e-05   9.9994072e-01   3.9797095e-16
   2.0000000e+00   2.0000000e+00   2.1378781e-04   9.9978621e-01   4.1440126e-47
   3.0000000e+00   2.0000000e+00   1.3967040e-02   5.5982746e-01   4.2620550e-01
   3.0000000e+00   3.0000000e+00   1.2431284e-01   1.5455277e-01   7.2113439e-01
   1.0000000e+00   1.0000000e+00   9.4337864e-01   5.6610471e-02   1.0886089e-05
   3.0000000e+00   3.0000000e+00   2.7296137e-01   2.4360913e-02   7.0267772e-01
   3.0000000e+00   3.0000000e+00   1.4938595e-02   1.0932530e-01   8.7573610e-01
   3.0000000e+00   3.0000000e+00   4.9905272e-03   4.5132374e-02   9.4987710e-01
   3.0000000e+00   3.0000000e+00   1.4489245e-02   8.0137788e-03   9.7749698e-01
   3.0000000e+00   3.0000000e+00   1.4437275e-02   4.4762175e-03   9.8108651e-01
   3.0000000e+00   3.0000000e+00   2.9951902e-02   5.9786008e-03   9.6406950e-01
   3.0000000e+00   3.0000000e+00   4.9721520e-03   1.2264778e-02   9.8276307e-01
   3.0000000e+00   3.0000000e+00   2.3281220e-03   4.9892879e-02   9.4777900e-01
   3.0000000e+00   3.0000000e+00   2.1297871e-03   2.0786825e-01   7.9000196e-01
   3.0000000e+00   3.0000000e+00   1.0987308e-02   2.7406740e-01   7.1494529e-01
   1.0000000e+00   1.0000000e+00   5.2922460e-01   4.6904150e-02   4.2387125e-01
   1.0000000e+00   1.0000000e+00   8.5555793e-01   1.6364938e-02   1.2807713e-01
   3.0000000e+00   3.0000000e+00   4.0952844e-01   3.3776767e-03   5.8709388e-01
   3.0000000e+00   3.0000000e+00   1.6726406e-02   8.0763111e-04   9.8246596e-01
   3.0000000e+00   3.0000000e+00   1.7147303e-02   4.5774334e-03   9.7827526e-01
   3.0000000e+00   3.0000000e+00   3.1741249e-03   1.4029388e-02   9.8279649e-01
   3.0000000e+00   3.0000000e+00   8.3610432e-04   6.8738162e-03   9.9229008e-01
   3.0000000e+00   3.0000000e+00   1.2931491e-03   1.2511351e-01   8.7359334e-01
   2.0000000e+00   2.0000000e+00   3.2413750e-03   9.9569009e-01   1.0685395e-03
   2.0000000e+00   2.0000000e+00   6.7624501e-02   6.9879461e-01   2.3358089e-01
   1.0000000e+00   1.0000000e+00   7.8133363e-01   7.8234299e-02   1.4043207e-01
   1.0000000e+00   1.0000000e+00   9.9561898e-01   4.3810099e-03   7.2020577e-09
   1.0000000e+00   1.0000000e+00   9.9929537e-01   7.0462575e-04   9.0138691e-38
   1.0000000e+00   1.0000000e+00   9.9991804e-01   8.1963320e-05   2.2489953e-78
   1.0000000e+00   1.0000000e+00   9.9989552e-01   1.0448422e-04   2.8931009e-12
   1.0000000e+00   1.0000000e+00   9.9796777e-01   1.3672707e-04   1.8955023e-03
   1.0000000e+00   1.0000000e+00   9.9995350e-01   4.6497358e-05   1.4477854e-31
   1.0000000e+00   1.0000000e+00   9.9993308e-01   6.6923170e-05   7.0983986e-20
   1.0000000e+00   1.0000000e+00   9.9996567e-01   3.4331955e-05   6.2776953e-37
   1.0000000e+00   1.0000000e+00   9.9994552e-01   5.4480800e-05   1.0561203e-32
   1.0000000e+00   1.0000000e+00   9.4639129e-01   5.5714997e-04   5.3051564e-02
   1.0000000e+00   1.0000000e+00   5.1946195e-01   1.9550907e-03   4.7858296e-01
   3.0000000e+00   3.0000000e+00   3.5219926e-02   1.2421463e-02   9.5235861e-01
   3.0000000e+00   3.0000000e+00   1.2651360e-03   2.5505145e-01   7.4368342e-01
   3.0000000e+00   3.0000000e+00   2.0158897e-03   2.7491609e-01   7.2306802e-01
   3.0000000e+00   3.0000000e+00   1.3410582e-03   3.3470328e-01   6.6395567e-01
   2.0000000e+00   2.0000000e+00   3.0533262e-04   7.0828573e-01   2.9140894e-01
   2.0000000e+00   2.0000000e+00   3.1089202e-05   9.9996891e-01   1.4378363e-10
   2.0000000e+00   2.0000000e+00   4.3469978e-05   9.9995653e-01   7.3978299e-36
   2.0000000e+00   2.0000000e+00   3.5186975e-04   9.3990609e-01   5.9742045e-02
   2.0000000e+00   2.0000000e+00   1.1100306e-04   9.9988900e-01   1.0929710e-22
   2.0000000e+00   2.0000000e+00   2.5006413e-06   9.9999750e-01  3.0541161e-113
   2.0000000e+00   2.0000000e+00   1.6679046e-03   9.9833210e-01   3.2542220e-25
   2.0000000e+00   2.0000000e+00   3.3042901e-02   5.9734589e-01   3.6961121e-01
   2.0000000e+00   2.0000000e+00   2.2358886e-01   4.1098615e-01   3.6542499e-01
   2.0000000e+00   3.0000000e+00   9.3601228e-03   4.3887601e-01   5.5176386e-01
   2.0000000e+00   2.0000000e+00   3.4393819e-03   9.9497029e-01   1.5903260e-03
   3.0000000e+00   2.0000000e+00   6.2248318e-03   5.1479709e-01   4.7897808e-01
   3.0000000e+00   3.0000000e+00   1.0020825e-03   4.4961107e-01   5.4938685e-01
   3.0000000e+00   3.0000000e+00   6.7393774e-03   1.2332058e-01   8.6994005e-01
   3.0000000e+00   3.0000000e+00   2.6414859e-03   1.1947835e-01   8.7788016e-01
   3.0000000e+00   3.0000000e+00   5.0908285e-03   2.4495177e-02   9.7041399e-01
   3.0000000e+00   3.0000000e+00   3.0457283e-02   5.1560706e-02   9.1798201e-01
   3.0000000e+00   3.0000000e+00   8.3097202e-02   3.6884246e-01   5.4806033e-01
   2.0000000e+00   2.0000000e+00   1.8033826e-03   9.9819662e-01   5.3907963e-14
   2.0000000e+00   2.0000000e+00   2.8439166e-05   9.9997156e-01   1.7486861e-29
   2.0000000e+00   2.0000000e+00   9.7645480e-06   9.9999024e-01   3.6972161e-50
   2.0000000e+00   2.0000000e+00   2.2567340e-03   9.9774327e-01   6.2883466e-25
   2.0000000e+00   2.0000000e+00   8.2665199e-02   7.3489502e-01   1.8243979e-01
   1.0000000e+00   1.0000000e+00   9.6736996e-01   3.2630041e-02   2.6969164e-12
   1.0000000e+00   1.0000000e+00   9.9949060e-01   5.0940042e-04   2.9429397e-63
   1.0000000e+00   1.0000000e+00   9.9996147e-01   3.8525319e-05   4.7378276e-62
   1.0000000e+00   1.0000000e+00   9.9996894e-01   3.1057696e-05   3.3209587e-43
   1.0000000e+00   1.0000000e+00   9.9993032e-01   6.8858426e-05   8.2561759e-07
   1.0000000e+00   1.0000000e+00   9.9993851e-01   6.1491096e-05   4.0877997e-22
   1.0000000e+00   1.0000000e+00   9.9951420e-01   1.2087199e-04   3.6492503e-04
   1.0000000e+00   1.0000000e+00   9.9934766e-01   6.5234488e-04   3.4391066e-12
   1.0000000e+00   1.0000000e+00   8.1709335e-01   1.0476383e-02   1.7243027e-01
   1.0000000e+00   1.0000000e+00   7.9239438e-01   2.0760562e-01   4.3924450e-22
   1.0000000e+00   1.0000000e+00   9.9709466e-01   2.9053407e-03   8.7794988e-49
   1.0000000e+00   1.0000000e+00   9.9977529e-01   2.2471249e-04   4.1671552e-16
   1.0000000e+00   1.0000000e+00   9.9877932e-01   4.3659582e-04   7.8408648e-04
   3.0000000e+00   3.0000000e+00   4.4680588e-02   6.0690001e-04   9.5471251e-01
   3.0000000e+00   3.0000000e+00   1.7673582e-02   3.2737402e-03   9.7905268e-01
   3.0000000e+00   3.0000000e+00   9.4627586e-03   4.7537080e-03   9.8578353e-01
   3.0000000e+00   3.0000000e+00   3.1775770e-03   1.7258951e-02   9.7956347e-01
   3.0000000e+00   3.0000000e+00   3.0515584e-03   7.6812192e-02   9.2013625e-01
   2.0000000e+00   2.0000000e+00   5.5796350e-04   6.9771688e-01   3.0172515e-01
   2.0000000e+00   2.0000000e+00   6.0178572e-04   7.7645035e-01   2.2294786e-01
   2.0000000e+00   2.0000000e+00   3.5757165e-04   8.5337759e-01   1.4626484e-01
   2.0000000e+00   2.0000000e+00   8.6161431e-05   9.4092138e-01   5.8992461e-02
   2.0000000e+00   2.0000000e+00   6.1392922e-05   9.9993861e-01   1.1407547e-33
   2.0000000e+00   2.0000000e+00   5.0531013e-04   9.4129142e-01   5.8203270e-02
   2.0000000e+00   2.0000000e+00   1.2149170e-03   8.0973877e-01   1.8904631e-01
   2.0000000e+00   2.0000000e+00   7.5084283e-05   9.4274431e-01   5.7180602e-02
   2.0000000e+00   2.0000000e+00   1.9262686e-06   9.9999807e-01  3.8281561e-107
   2.0000000e+00   2.0000000e+00   2.0496713e-05   9.9997950e-01   3.3543895e-37
   2.0000000e+00   2.0000000e+00   3.6659108e-04   9.7719773e-01   2.2435683e-02
   2.0000000e+00   2.0000000e+00   9.8762700e-04   7.8634589e-01   2.1266649e-01
   3.0000000e+00   3.0000000e+00   1.5342688e-02   2.4829620e-01   7.3636111e-01
   3.0000000e+00   3.0000000e+00   7.1502961e-02   3.8878035e-02   8.8961900e-01
   1.0000000e+00   1.0000000e+00   9.9383286e-01   6.1671418e-03   2.9328336e-17
   1.0000000e+00   1.0000000e+00   9.9983344e-01   1.6656003e-04   9.0801323e-79
   1.0000000e+00   1.0000000e+00   9.9983742e-01   1.6257784e-04   8.8477851e-56
   1.0000000e+00   1.0000000e+00   9.9996660e-01   3.3398806e-05   2.5591598e-40
   1.0000000e+00   1.0000000e+00   9.9996880e-01   3.1197463e-05   9.8361621e-57
   1.0000000e+00   1.0000000e+00   9.9937108e-01   1.0272262e-04   5.2619572e-04
   1.0000000e+00   1.0000000e+00   9.9991111e-01   8.0959269e-05   7.9290318e-06
   1.0000000e+00   1.0000000e+00   9.9946962e-01   2.5921488e-04   2.7116392e-04
   1.0000000e+00   1.0000000e+00   5.6511752e-01   1.3640780e-03   4.3351840e-01
   1.0000000e+00   1.0000000e+00   6.8320379e-01   6.6147803e-03   3.1018143e-01
   1.0000000e+00   1.0000000e+00   9.9729797e-01   2.7020318e-03   2.5441258e-10
   1.0000000e+00   1.0000000e+00   9.9977787e-01   2.2213102e-04   3.2668619e-12
   1.0000000e+00   1.0000000e+00   9.9826245e-01   1.3987609e-04   1.5976691e-03
   1.0000000e+00   1.0000000e+00   9.9990103e-01   8.9888519e-05   9.0809798e-06
   1.0000000e+00   1.0000000e+00   9.9864138e-01   2.8980026e-04   1.0688213e-03
   1.0000000e+00   1.0000000e+00   5.6712521e-01   1.5488105e-03   4.3132598e-01
   3.0000000e+00   3.0000000e+00   7.6545447e-02   1.1356648e-02   9.1209790e-01
   3.0000000e+00   3.0000000e+00   2.3036006e-03   1.4136323e-01   8.5633317e-01
   3.0000000e+00   3.0000000e+00   9.1037957e-04   1.1883300e-01   8.8025662e-01
   3.0000000e+00   3.0000000e+00   1.8619366e-03   6.1330783e-03   9.9200499e-01
   3.0000000e+00   3.0000000e+00   7.9412342e-04   9.1947797e-03   9.9001110e-01
   3.0000000e+00   3.0000000e+00   1.1978887e-03   1.4395415e-03   9.9736257e-01
   3.0000000e+00   3.0000000e+00   2.2356929e-03   6.7873823e-03   9.9097692e-01
   3.0000000e+00   3.0000000e+00   8.6929559e-04   1.1061649e-03   9.9802454e-01
   3.0000000e+00   3.0000000e+00   1.0767653e-03   3.4800063e-03   9.9544323e-01
   3.0000000e+00   3.0000000e+00   1.8756942e-03   5.5963475e-02   9.4216083e-01
   3.0000000e+00   3.0000000e+00   8.0922420e-04   2.6409105e-01   7.3509972e-01
   2.0000000e+00   2.0000000e+00   1.3516764e-04   9.5874504e-01   4.1119792e-02
   2.0000000e+00   2.0000000e+00   3.8819915e-05   9.8441650e-01   1.5544677e-02
   2.0000000e+00   2.0000000e+00   1.0377650e-04   9.9989622e-01   9.4002229e-19
   2.0000000e+00   2.0000000e+00   1.7664627e-06   9.9999823e-01   1.0625382e-97
   2.0000000e+00   2.0000000e+00   1.3548916e-06   9.9999865e-01  3.3947498e-112
   2.0000000e+00   2.0000000e+00   3.0384787e-07   9.9999970e-01  5.8019408e-243
   2.0000000e+00   2.0000000e+00   2.4516562e-04   9.9975483e-01   1.8671668e-55
   3.0000000e+00   3.0000000e+00   4.6306804e-02   4.6036923e-01   4.9332397e-01
   3.0000000e+00   3.0000000e+00   3.4560473e-01   1.1163711e-01   5.4275815e-01
   1.0000000e+00   1.0000000e+00   9.7668385e-01   2.3199749e-02   1.1640394e-04
   1.0000000e+00   1.0000000e+00   5.8104577e-01   7.8648239e-03   4.1108940e-01
   1.0000000e+00   1.0000000e+00   8.7342836e-01   1.3216135e-02   1.1335551e-01
   3.0000000e+00   3.0000000e+00   1.3826970e-01   2.5527166e-03   8.5917759e-01
   3.0000000e+00   3.0000000e+00   5.5943959e-03   9.0700577e-04   9.9349860e-01
   3.0000000e+00   3.0000000e+00   5.5916078e-03   4.9097911e-03   9.8949860e-01
   3.0000000e+00   3.0000000e+00   2.4710764e-03   2.2272118e-02   9.7525681e-01
   3.0000000e+00   3.0000000e+00   2.1618196e-03   5.2464601e-02   9.4537358e-01
   3.0000000e+00   3.0000000e+00   1.6807448e-03   1.6999978e-01   8.2831948e-01
   3.0000000e+00   3.0000000e+00   1.0218470e-03   3.7415256e-01   6.2482559e-01
   2.0000000e+00   2.0000000e+00   2.6600751e-04   7.3708168e-01   2.6265231e-01
   2.0000000e+00   2.0000000e+00   1.1909319e-05   9.9998809e-01   1.1197693e-47
   2.0000000e+00   2.0000000e+00   1.1407564e-06   9.9999886e-01  6.5026311e-174
   2.0000000e+00   2.0000000e+00   1.3772613e-03   9.9862274e-01   1.5674125e-21
   2.0000000e+00   2.0000000e+00   2.1143656e-02   9.1949571e-01   5.9360636e-02
   1.0000000e+00   1.0000000e+00   5.9759719e-01   4.0240281e-01   3.1088599e-17
   3.0000000e+00   3.0000000e+00   2.2933073e-02   3.3858792e-01   6.3847901e-01
   3.0000000e+00   3.0000000e+00   4.9530723e-02   5.8292388e-02   8.9217689e-01
   3.0000000e+00   3.0000000e+00   2.7266285e-02   4.1953996e-02   9.3077972e-01
   3.0000000e+00   3.0000000e+00   1.2768459e-03   1.7516018e-01   8.2356297e-01
   3.0000000e+00   3.0000000e+00   3.1030967e-03   1.3851316e-01   8.5838374e-01
   3.0000000e+00   3.0000000e+00   9.1777667e-03   1.2490040e-01   8.6592184e-01
   3.0000000e+00   3.0000000e+00   1.0351356e-01   6.7584247e-02   8.2890220e-01
   1.0000000e+00   1.0000000e+00   9.9628703e-01   3.7129680e-03   1.0450030e-69
   1.0000000e+00   1.0000000e+00   9.9758065e-01   4.8970066e-04   1.9296506e-03
   1.0000000e+00   1.0000000e+00   8.4340284e-01   9.5463876e-04   1.5564252e-01
   3.0000000e+00   3.0000000e+00   8.9392023e-02   1.1692839e-03   9.0943869e-01
   3.0000000e+00   3.0000000e+00   1.6821694e-02   1.7700066e-03   9.8140830e-01
   3.0000000e+00   3.0000000e+00   8.8107264e-02   1.0195400e-02   9.0169734e-01
   1.0000000e+00   1.0000000e+00   9.9750512e-01   2.4948792e-03   3.5732199e-64
   1.0000000e+00   1.0000000e+00   9.9987904e-01   1.2096306e-04   2.7694938e-26
   1.0000000e+00   1.0000000e+00   9.9763680e-01   5.1713583e-04   1.8460669e-03
   3.0000000e+00   3.0000000e+00   1.5039719e-01   3.7186148e-03   8.4588419e-01
   3.0000000e+00   3.0000000e+00   1.0683184e-02   6.0991737e-02   9.2832508e-01
   3.0000000e+00   3.0000000e+00   1.2399621e-03   2.1865020e-01   7.8010984e-01
   3.0000000e+00   3.0000000e+00   1.8367710e-02   3.5669028e-01   6.2494201e-01
   3.0000000e+00   1.0000000e+00   5.6964425e-01   5.6282021e-02   3.7407373e-01
   1.0000000e+00   1.0000000e+00   9.9223720e-01   5.4149656e-03   2.3478353e-03
   1.0000000e+00   1.0000000e+00   9.6958331e-01   1.0308775e-03   2.9385811e-02
   1.0000000e+00   1.0000000e+00   9.7927420e-01   7.8628892e-04   1.9939515e-02
   1.0000000e+00   1.0000000e+00   9.7772092e-01   1.3528092e-03   2.0926275e-02
   3.0000000e+00   3.0000000e+00   6.0168565e-02   2.3275361e-03   9.3750390e-01
   3.0000000e+00   3.0000000e+00   2.8876094e-03   6.6464434e-02   9.3064796e-01
   3.0000000e+00   3.0000000e+00   1.6814759e-02   1.0419226e-02   9.7276601e-01
   3.0000000e+00   3.0000000e+00   2.2722783e-02   4.8733513e-03   9.7240387e-01
   3.0000000e+00   3.0000000e+00   1.6850799e-02   5.0443856e-03   9.7810482e-01
   3.0000000e+00   3.0000000e+00   7.3551740e-03   1.5638661e-02   9.7700616e-01
   3.0000000e+00   3.0000000e+00   8.4573830e-04   1.2465257e-01   8.7450170e-01
   3.0000000e+00   3.0000000e+00   3.1530202e-03   7.1819659e-02   9.2502732e-01
   3.0000000e+00   3.0000000e+00   1.4846938e-03   1.5590574e-01   8.4260957e-01
   2.0000000e+00   2.0000000e+00   8.1955606e-05   7.7481678e-01   2.2510126e-01
   2.0000000e+00   2.0000000e+00   2.4884896e-05   9.9987836e-01   9.6757721e-05
   2.0000000e+00   2.0000000e+00   3.2136787e-06   9.9999679e-01   4.8082925e-65
   2.0000000e+00   2.0000000e+00   6.8214989e-07   9.9999932e-01  1.4130117e-175
   2.0000000e+00   2.0000000e+00   5.0805471e-06   9.9999492e-01   1.8978878e-47
   2.0000000e+00   2.0000000e+00   2.0043978e-06   9.9999800e-01  5.0022358e-105
   2.0000000e+00   2.0000000e+00   7.0664732e-04   9.9929335e-01   1.5628686e-09
   3.0000000e+00   3.0000000e+00   4.5985913e-02   4.0576521e-01   5.4824888e-01
   3.0000000e+00   3.0000000e+00   3.0268414e-01   9.8920107e-02   5.9839575e-01
   3.0000000e+00   3.0000000e+00   1.0374320e-01   4.1646848e-02   8.5460995e-01
   3.0000000e+00   3.0000000e+00   3.5912205e-03   1.1630996e-01   8.8009882e-01
   3.0000000e+00   3.0000000e+00   8.9393648e-03   4.3008698e-02   9.4805194e-01
   3.0000000e+00   3.0000000e+00   2.0865592e-03   1.1139029e-01   8.8652315e-01
   3.0000000e+00   3.0000000e+00   8.3121905e-03   1.3461308e-02   9.7822650e-01
   3.0000000e+00   3.0000000e+00   2.8883862e-03   2.1462795e-03   9.9496533e-01
   3.0000000e+00   3.0000000e+00   1.0558335e-02   3.4647896e-03   9.8597688e-01
   3.0000000e+00   3.0000000e+00   4.8216006e-03   3.4104469e-03   9.9176795e-01
   3.0000000e+00   3.0000000e+00   1.1166734e-03   8.9171353e-03   9.8996619e-01
   3.0000000e+00   3.0000000e+00   1.4730439e-03   1.7956489e-01   8.1896206e-01
   3.0000000e+00   3.0000000e+00   6.0877870e-04   4.2714210e-01   5.7224912e-01
   2.0000000e+00   2.0000000e+00   5.1963988e-05   9.9994794e-01   9.6699899e-08
   2.0000000e+00   2.0000000e+00   5.7173286e-04   9.9926248e-01   1.6578870e-04
   3.0000000e+00   3.0000000e+00   8.9631306e-03   4.4659742e-01   5.4443945e-01
   3.0000000e+00   3.0000000e+00   2.8133973e-02   3.3901813e-02   9.3796421e-01
   3.0000000e+00   3.0000000e+00   2.7966261e-01   2.0983068e-02   6.9935433e-01
   3.0000000e+00   3.0000000e+00   2.3784303e-02   1.8694206e-03   9.7434628e-01
   3.0000000e+00   3.0000000e+00   6.5444146e-02   9.2554944e-03   9.2530036e-01
   3.0000000e+00   3.0000000e+00   3.5548032e-01   2.3744580e-02   6.2077509e-01
   3.0000000e+00   3.0000000e+00   1.2276710e-02   1.3592290e-02   9.7413100e-01
   3.0000000e+00   3.0000000e+00   6.6283196e-03   3.0307013e-01   6.9030155e-01
   3.0000000e+00   3.0000000e+00   1.0118038e-01   1.6849835e-01   7.3032128e-01
   1.0000000e+00   1.0000000e+00   9.3144767e-01   4.6880854e-02   2.1671472e-02
   3.0000000e+00   3.0000000e+00   2.8071919e-01   1.2409888e-02   7.0687093e-01
   3.0000000e+00   3.0000000e+00   2.0933439e-02   4.1545851e-02   9.3752071e-01
   3.0000000e+00   3.0000000e+00   2.4329573e-03   2.4269394e-01   7.5487310e-01
   3.0000000e+00   3.0000000e+00   6.6609607e-04   4.3650875e-01   5.6282516e-01
   2.0000000e+00   2.0000000e+00   2.0386182e-04   9.9979614e-01   5.9476531e-24
   2.0000000e+00   2.0000000e+00   6.4608252e-05   9.9993539e-01   1.2531103e-15
   2.0000000e+00   2.0000000e+00   6.0626397e-04   9.9924819e-01   1.4554657e-04
   3.0000000e+00   3.0000000e+00   1.0279295e-02   4.1384389e-01   5.7587682e-01
   3.0000000e+00   2.0000000e+00   9.4469052e-04   5.0166067e-01   4.9739464e-01
   2.0000000e+00   2.0000000e+00   1.3898337e-04   9.9986102e-01   1.2520200e-33
   2.0000000e+00   2.0000000e+00   4.5872186e-04   9.5575905e-01   4.3782226e-02
   2.0000000e+00   2.0000000e+00   3.4624252e-03   8.0198019e-01   1.9455739e-01
   3.0000000e+00   3.0000000e+00   1.3401802e-01   1.1750801e-01   7.4847396e-01
   1.0000000e+00   1.0000000e+00   9.5830327e-01   1.2586692e-02   2.9110035e-02
   1.0000000e+00   1.0000000e+00   9.9952950e-01   4.7049821e-04   1.2799393e-79
   1.0000000e+00   1.0000000e+00   9.9995961e-01   4.0390909e-05   4.1913390e-37
   1.0000000e+00   1.0000000e+00   9.9994566e-01   5.4335104e-05   1.1262789e-79
   1.0000000e+00   1.0000000e+00   9.9996930e-01   3.0701768e-05   1.8436310e-46
   1.0000000e+00   1.0000000e+00   9.9991920e-01   8.0727874e-05   7.1454468e-08
   1.0000000e+00   1.0000000e+00   9.9833454e-01   2.5689365e-04   1.4085648e-03
   1.0000000e+00   1.0000000e+00   6.5909718e-01   1.2579595e-03   3.3964486e-01
   1.0000000e+00   1.0000000e+00   9.9745952e-01   2.5404740e-03   2.3730575e-09
   1.0000000e+00   1.0000000e+00   9.9984227e-01   1.5772731e-04   1.9325271e-18
   1.0000000e+00   1.0000000e+00   9.9991591e-01   8.4092959e-05   3.9584157e-17
   1.0000000e+00   1.0000000e+00   9.9995542e-01   4.4578168e-05   1.2599704e-28
   1.0000000e+00   1.0000000e+00   9.9991894e-01   8.0467430e-05   5.9333325e-07
   1.0000000e+00   1.0000000e+00   9.8652046e-01   2.5355530e-04   1.3225986e-02
   1.0000000e+00   1.0000000e+00   9.9992818e-01   7.1821892e-05   2.0859688e-40
   1.0000000e+00   1.0000000e+00   9.9977644e-01   2.1951118e-04   4.0439976e-06
   1.0000000e+00   1.0000000e+00   6.4047290e-01   1.0283071e-03   3.5849880e-01
   3.0000000e+00   3.0000000e+00   1.9490096e-02   8.8199746e-04   9.7962791e-01
   3.0000000e+00   3.0000000e+00   6.3820453e-03   1.6808169e-02   9.7680979e-01
   3.0000000e+00   3.0000000e+00   1.7065680e-03   1.5858511e-01   8.3970832e-01
   3.0000000e+00   2.0000000e+00   1.5479466e-03   5.2590645e-01   4.7254561e-01
   3.0000000e+00   3.0000000e+00   2.5213139e-03   3.8212701e-01   6.1535167e-01
   3.0000000e+00   3.0000000e+00   4.0055883e-03   3.4599112e-02   9.6139530e-01
   3.0000000e+00   3.0000000e+00   2.5682553e-03   2.9988976e-02   9.6744277e-01
   3.0000000e+00   3.0000000e+00   2.4529831e-03   3.4318132e-02   9.6322888e-01
   3.0000000e+00   3.0000000e+00   2.6941808e-03   1.3633559e-02   9.8367226e-01
   3.0000000e+00   3.0000000e+00   2.0671105e-03   4.1565056e-03   9.9377638e-01
   3.0000000e+00   3.0000000e+00   2.3703989e-03   1.1077199e-02   9.8655240e-01
   3.0000000e+00   3.0000000e+00   2.4691659e-03   1.6327731e-02   9.8120310e-01
   3.0000000e+00   3.0000000e+00   2.2337160e-03   4.2424500e-02   9.5534178e-01
   3.0000000e+00   3.0000000e+00   1.2493252e-03   1.7545229e-01   8.2329839e-01
   2.0000000e+00   2.0000000e+00   1.5624478e-04   7.0137373e-01   2.9847003e-01
   2.0000000e+00   2.0000000e+00   1.3791280e-04   8.8019149e-01   1.1967060e-01
   2.0000000e+00   2.0000000e+00   3.2254125e-05   9.9591541e-01   4.0523325e-03
   2.0000000e+00   2.0000000e+00   2.2128612e-05   9.9718230e-01   2.7955680e-03
   2.0000000e+00   2.0000000e+00   8.8599353e-05   9.9991140e-01   4.0315638e-18
   2.0000000e+00   2.0000000e+00   1.0311653e-05   9.9998969e-01  8.1573252e-102
   2.0000000e+00   2.0000000e+00   8.3072249e-04   9.3843086e-01   6.0738416e-02
   3.0000000e+00   2.0000000e+00   5.1414325e-03   5.5214749e-01   4.4271108e-01
   3.0000000e+00   3.0000000e+00   3.2124852e-03   3.9140120e-01   6.0538631e-01
   3.0000000e+00   3.0000000e+00   1.8412575e-03   1.2081621e-01   8.7734253e-01
   3.0000000e+00   3.0000000e+00   3.3132188e-03   1.4050674e-02   9.8263611e-01
   3.0000000e+00   3.0000000e+00   1.1105723e-02   1.6865655e-02   9.7202862e-01
   3.0000000e+00   3.0000000e+00   2.6960361e-02   1.0786790e-01   8.6517174e-01
   1.0000000e+00   1.0000000e+00   9.8951596e-01   1.0484028e-02   9.9897537e-09
   1.0000000e+00   1.0000000e+00   9.9957083e-01   4.2206517e-04   7.1009708e-06
   1.0000000e+00   1.0000000e+00   9.9438170e-01   2.0990279e-04   5.4083984e-03
   1.0000000e+00   1.0000000e+00   9.9991522e-01   8.4783410e-05   2.0531754e-26
   1.0000000e+00   1.0000000e+00   9.9947357e-01   5.2643168e-04   2.5664275e-12
   3.0000000e+00   3.0000000e+00   1.9509176e-01   1.7009299e-03   8.0320731e-01
   3.0000000e+00   3.0000000e+00   3.9433493e-02   1.4387041e-02   9.4617947e-01
   3.0000000e+00   3.0000000e+00   2.5130920e-03   1.3772835e-01   8.5975855e-01
   2.0000000e+00   2.0000000e+00   7.0876896e-04   9.9927416e-01   1.7068135e-05
   2.0000000e+00   2.0000000e+00   1.5251673e-03   8.8380672e-01   1.1466811e-01
   3.0000000e+00   3.0000000e+00   8.5328468e-03   2.0810263e-01   7.8336452e-01
   3.0000000e+00   3.0000000e+00   2.2368817e-03   1.9913040e-01   7.9863272e-01
   3.0000000e+00   3.0000000e+00   4.9993078e-03   3.5473867e-02   9.5952683e-01
   3.0000000e+00   3.0000000e+00   2.9884086e-03   1.1175628e-02   9.8583596e-01
   3.0000000e+00   3.0000000e+00   8.9427882e-04   2.9201436e-03   9.9618558e-01
   3.0000000e+00   3.0000000e+00   7.5431830e-04   4.0302719e-03   9.9521541e-01
   3.0000000e+00   3.0000000e+00   9.7767318e-04   8.4298033e-02   9.1472429e-01
   3.0000000e+00   3.0000000e+00   1.8943195e-02   1.1900226e-02   9.6915658e-01
   3.0000000e+00   3.0000000e+00   5.5081392e-03   1.9834915e-03   9.9250837e-01
   3.0000000e+00   3.0000000e+00   7.3722919e-02   9.8489448e-03   9.1642814e-01
   1.0000000e+00   1.0000000e+00   9.9294236e-01   7.0461856e-03   1.1452335e-05
   1.0000000e+00   1.0000000e+00   9.7394754e-01   1.7885436e-03   2.4263913e-02
   3.0000000e+00   3.0000000e+00   2.8183625e-01   1.3347355e-03   7.1682901e-01
   3.0000000e+00   3.0000000e+00   6.2799249e-02   2.7654864e-03   9.3443526e-01
   3.0000000e+00   3.0000000e+00   2.1622972e-02   3.4145524e-03   9.7496248e-01
   3.0000000e+00   3.0000000e+00   4.4539669e-03   4.5130853e-03   9.9103295e-01
   3.0000000e+00   3.0000000e+00   2.9664227e-03   6.0220091e-03   9.9101157e-01
   3.0000000e+00   3.0000000e+00   9.2200609e-04   1.1430204e-02   9.8764779e-01
   3.0000000e+00   3.0000000e+00   5.3915922e-03   4.0055070e-03   9.9060290e-01
   3.0000000e+00   3.0000000e+00   1.1597416e-02   4.1153811e-03   9.8428720e-01
   3.0000000e+00   3.0000000e+00   1.0421095e-03   7.3964407e-03   9.9156145e-01
   3.0000000e+00   3.0000000e+00   6.9320756e-04   8.8277829e-02   9.1102896e-01
   3.0000000e+00   3.0000000e+00   1.1927840e-03   6.5516031e-02   9.3329118e-01
   3.0000000e+00   3.0000000e+00   5.3997927e-04   4.7012397e-01   5.2933605e-01
   2.0000000e+00   2.0000000e+00   1.2439251e-04   9.9340918e-01   6.4664245e-03
   2.0000000e+00   2.0000000e+00   2.7033086e-03   9.9729669e-01   1.9455916e-09
   1.0000000e+00   1.0000000e+00   4.6947993e-01   2.1414564e-01   3.1637443e-01
   1.0000000e+00   1.0000000e+00   9.8475588e-01   1.2783313e-02   2.4608025e-03
   1.0000000e+00   1.0000000e+00   9.6269144e-01   2.5671703e-03   3.4741387e-02
   3.0000000e+00   3.0000000e+00   4.8445280e-01   1.4494449e-03   5.1409776e-01
   3.0000000e+00   3.0000000e+00   1.5833572e-01   2.6099859e-03   8.3905430e-01
   3.0000000e+00   3.0000000e+00   8.1759916e-02   5.3987784e-03   9.1284131e-01
   3.0000000e+00   3.0000000e+00   2.9417448e-03   1.6289576e-02   9.8076868e-01
   3.0000000e+00   3.0000000e+00   2.6835980e-03   8.0502122e-03   9.8926619e-01
   3.0000000e+00   3.0000000e+00   1.0134978e-03   3.2318785e-03   9.9575462e-01
   3.0000000e+00   3.0000000e+00   7.6427890e-03   4.5253593e-03   9.8783185e-01
   3.0000000e+00   3.0000000e+00   1.3989109e-02   1.3081143e-02   9.7292975e-01
   3.0000000e+00   3.0000000e+00   1.0010453e-03   8.6448180e-02   9.1255078e-01
   3.0000000e+00   3.0000000e+00   1.2695833e-03   1.3901076e-02   9.8482934e-01
   3.0000000e+00   3.0000000e+00   1.5885396e-03   1.1360488e-01   8.8480658e-01
   3.0000000e+00   3.0000000e+00   9.2123505e-04   4.2683761e-01   5.7224116e-01
   3.0000000e+00   3.0000000e+00   1.8283905e-03   4.6008547e-01   5.3808614e-01
   3.0000000e+00   3.0000000e+00   9.1550890e-03   6.0363343e-02   9.3048157e-01
   3.0000000e+00   3.0000000e+00   1.7989070e-02   2.5190921e-02   9.5682001e-01
   3.0000000e+00   3.0000000e+00   1.4895258e-01   2.1665015e-02   8.2938240e-01
   1.0000000e+00   1.0000000e+00   9.0401915e-01   2.4672107e-02   7.1308743e-02
   1.0000000e+00   3.0000000e+00   2.6817910e-01   3.0512187e-03   7.2876968e-01
   1.0000000e+00   1.0000000e+00   5.4633858e-01   9.7823151e-03   4.4387910e-01
   1.0000000e+00   1.0000000e+00   8.3315332e-01   6.9273930e-03   1.5991929e-01
   1.0000000e+00   1.0000000e+00   9.2540362e-01   3.3479500e-03   7.1248431e-02
   1.0000000e+00   1.0000000e+00   9.6648016e-01   3.1009752e-03   3.0418862e-02
   3.0000000e+00   3.0000000e+00   1.1559260e-01   1.3298031e-03   8.8307760e-01
   3.0000000e+00   3.0000000e+00   6.5924233e-03   1.0812101e-03   9.9232637e-01
   3.0000000e+00   3.0000000e+00   1.0997350e-03   8.7371706e-04   9.9802655e-01
   3.0000000e+00   3.0000000e+00   9.6111232e-04   3.0811275e-03   9.9595776e-01
   3.0000000e+00   3.0000000e+00   7.0866975e-04   7.7015412e-02   9.2227592e-01
   3.0000000e+00   3.0000000e+00   2.1494556e-03   8.4882955e-03   9.8936225e-01
   3.0000000e+00   3.0000000e+00   1.4072884e-03   1.0439473e-02   9.8815324e-01
   3.0000000e+00   3.0000000e+00   1.3923240e-03   1.3043291e-01   8.6817477e-01
   3.0000000e+00   3.0000000e+00   2.5860761e-03   9.6350275e-02   9.0106365e-01
   3.0000000e+00   3.0000000e+00   1.5687261e-03   1.0065308e-02   9.8836597e-01
   3.0000000e+00   3.0000000e+00   2.1563887e-03   3.8629620e-02   9.5921399e-01
   3.0000000e+00   3.0000000e+00   6.2243534e-04   1.8667506e-01   8.1270251e-01
   3.0000000e+00   3.0000000e+00   8.0589971e-04   2.0509786e-01   7.9409624e-01
   3.0000000e+00   3.0000000e+00   5.0729937e-03   3.5227394e-02   9.5969961e-01
   3.0000000e+00   3.0000000e+00   8.1627793e-04   6.2483000e-02   9.3670072e-01
   3.0000000e+00   3.0000000e+00   7.2581071e-04   1.1665238e-01   8.8262181e-01
   3.0000000e+00   3.0000000e+00   1.9644521e-03   1.0686525e-02   9.8734902e-01
   3.0000000e+00   3.0000000e+00   2.7665207e-03   4.0642702e-02   9.5659078e-01
   3.0000000e+00   3.0000000e+00   1.2433483e-02   9.6365443e-03   9.7792997e-01
   3.0000000e+00   3.0000000e+00   1.8808534e-03   1.6030929e-02   9.8208822e-01
   3.0000000e+00   3.0000000e+00   2.4921037e-02   1.8561757e-02   9.5651721e-01
   3.0000000e+00   3.0000000e+00   1.3278482e-03   7.9454201e-02   9.1921795e-01
   3.0000000e+00   3.0000000e+00   3.1954391e-03   1.7331810e-02   9.7947275e-01
   3.0000000e+00   3.0000000e+00   1.0919959e-03   1.5928423e-03   9.9731516e-01
   3.0000000e+00   3.0000000e+00   2.1712941e-03   9.0092319e-03   9.8881947e-01
   3.0000000e+00   3.0000000e+00   1.1980914e-03   3.5126022e-03   9.9528931e-01
   3.0000000e+00   3.0000000e+00   2.1853678e-03   3.8873745e-02   9.5894089e-01
   3.0000000e+00   3.0000000e+00   4.5095330e-03   8.9310724e-03   9.8655939e-01
   3.0000000e+00   3.0000000e+00   1.7906039e-02   4.9944790e-03   9.7709948e-01
   3.0000000e+00   3.0000000e+00   4.5682801e-03   5.9825283e-03   9.8944919e-01
   3.0000000e+00   3.0000000e+00   5.6928937e-03   8.7036259e-03   9.8560348e-01
   3.0000000e+00   3.0000000e+00   2.2396109e-03   5.1827552e-02   9.4593284e-01
   3.0000000e+00   3.0000000e+00   5.7806906e-04   2.5270164e-01   7.4672029e-01
   3.0000000e+00   3.0000000e+00   8.2177471e-04   2.4613500e-01   7.5304322e-01
   3.0000000e+00   3.0000000e+00   4.2003688e-03   2.2772952e-02   9.7302668e-01
   3.0000000e+00   3.0000000e+00   1.5462461e-03   2.4380063e-03   9.9601575e-01
   3.0000000e+00   3.0000000e+00   7.9234925e-04   1.1171235e-02   9.8803642e-01
   3.0000000e+00   3.0000000e+00   2.2028664e-03   2.4227192e-02   9.7356994e-01
   3.0000000e+00   3.0000000e+00   9.1217290e-04   8.4698960e-02   9.1438887e-01
   3.0000000e+00   3.0000000e+00   1.0778453e-02   1.0751598e-02   9.7846995e-01
   3.0000000e+00   3.0000000e+00   1.3235216e-03   1.3461241e-03   9.9733035e-01
   3.0000000e+00   3.0000000e+00   4.6978392e-03   9.0239571e-03   9.8627820e-01
   3.0000000e+00   3.0000000e+00   9.4102843e-04   6.5658999e-02   9.3339997e-01
   3.0000000e+00   3.0000000e+00   7.8584254e-03   8.8595623e-03   9.8328201e-01
   3.0000000e+00   3.0000000e+00   1.1540461e-03   1.1002173e-03   9.9774574e-01
   3.0000000e+00   3.0000000e+00   3.3124467e-03   2.4745331e-03   9.9421302e-01
   3.0000000e+00   3.0000000e+00   2.8066064e-03   4.1854976e-03   9.9300790e-01
   3.0000000e+00   3.0000000e+00   9.4897581e-04   3.1871153e-03   9.9586391e-01
   3.0000000e+00   3.0000000e+00   7.3403258e-04   7.6716515e-02   9.2254945e-01
   3.0000000e+00   3.0000000e+00   3.7446499e-03   7.6314456e-03   9.8862390e-01
   3.0000000e+00   3.0000000e+00   9.1227666e-04   4.4150246e-03   9.9467270e-01
   3.0000000e+00   3.0000000e+00   1.5122435e-03   9.8800575e-02   8.9968718e-01
   2.0000000e+00   2.0000000e+00   3.3245326e-04   5.0757999e-01   4.9208756e-01
   2.0000000e+00   2.0000000e+00   5.1387445e-04   6.1508978e-01   3.8439634e-01
   2.0000000e+00   2.0000000e+00   3.6124203e-05   9.9994238e-01   2.1494490e-05
   2.0000000e+00   2.0000000e+00   1.5192269e-04   9.9982716e-01   2.0919424e-05
   2.0000000e+00   2.0000000e+00   1.0692895e-03   8.4946672e-01   1.4946399e-01
   2.0000000e+00   2.0000000e+00   3.0213507e-05   9.9916796e-01   8.0182253e-04
   2.0000000e+00   2.0000000e+00   1.4473051e-05   9.9998553e-01   9.0625375e-11
   2.0000000e+00   2.0000000e+00   7.6747681e-04   9.9923252e-01   2.6220339e-11
   3.0000000e+00   3.0000000e+00   7.7783815e-03   4.2545661e-01   5.6676501e-01
   3.0000000e+00   3.0000000e+00   1.0655405e-03   3.7049907e-01   6.2843539e-01
   3.0000000e+00   3.0000000e+00   5.9581685e-03   1.0702214e-01   8.8701970e-01
   3.0000000e+00   3.0000000e+00   2.6692914e-03   9.8957609e-02   8.9837310e-01
   3.0000000e+00   3.0000000e+00   9.1694512e-04   2.4804885e-01   7.5103421e-01
   2.0000000e+00   2.0000000e+00   1.1773494e-04   9.6191119e-01   3.7971072e-02
   2.0000000e+00   2.0000000e+00   8.2905919e-04   9.9917094e-01   7.9715897e-21
   2.0000000e+00   2.0000000e+00   2.1780632e-03   9.3229413e-01   6.5527802e-02
   3.0000000e+00   3.0000000e+00   1.1032420e-01   3.1976964e-01   5.6990616e-01
   3.0000000e+00   1.0000000e+00   5.5035462e-01   5.4774872e-02   3.9487051e-01
   1.0000000e+00   1.0000000e+00   9.9493186e-01   4.3778963e-03   6.9023896e-04
   1.0000000e+00   1.0000000e+00   9.9951817e-01   4.5139054e-04   3.0434479e-05
   1.0000000e+00   1.0000000e+00   7.9231375e-01   7.8900428e-04   2.0689725e-01
   3.0000000e+00   3.0000000e+00   4.9421505e-01   1.8869945e-03   5.0389796e-01
   3.0000000e+00   3.0000000e+00   2.1975246e-01   2.7175082e-03   7.7753003e-01
   3.0000000e+00   3.0000000e+00   8.1884318e-02   3.6616847e-03   9.1445400e-01
   3.0000000e+00   3.0000000e+00   7.8632680e-03   7.0858121e-03   9.8505092e-01
   3.0000000e+00   3.0000000e+00   1.2992615e-03   1.5286433e-03   9.9717210e-01
   3.0000000e+00   3.0000000e+00   1.6679071e-03   4.6057202e-03   9.9372637e-01
   3.0000000e+00   3.0000000e+00   1.5379134e-03   7.3844404e-02   9.2461768e-01
   3.0000000e+00   3.0000000e+00   3.3433692e-03   1.5857319e-02   9.8079931e-01
   3.0000000e+00   3.0000000e+00   1.1181420e-03   4.8845259e-03   9.9399733e-01
   3.0000000e+00   3.0000000e+00   2.0895837e-03   8.7822551e-02   9.1008786e-01
   3.0000000e+00   2.0000000e+00   6.1073493e-03   6.3521044e-01   3.5868221e-01
   3.0000000e+00   3.0000000e+00   1.1476594e-01   3.5612038e-01   5.2911368e-01
   1.0000000e+00   1.0000000e+00   9.4358896e-01   2.4630506e-02   3.1780532e-02
   1.0000000e+00   1.0000000e+00   9.9945013e-01   5.4987465e-04   6.1348361e-43
   1.0000000e+00   1.0000000e+00   9.9900016e-01   6.5397307e-04   3.4587119e-04
   1.0000000e+00   1.0000000e+00   7.2684164e-01   1.2062691e-02   2.6109567e-01
   3.0000000e+00   3.0000000e+00   3.4218680e-02   2.0008548e-01   7.6569584e-01
   3.0000000e+00   3.0000000e+00   2.2179195e-03   4.0939476e-01   5.8838732e-01
   3.0000000e+00   3.0000000e+00   6.5928400e-04   4.4392127e-01   5.5541944e-01
   3.0000000e+00   3.0000000e+00   2.9750831e-03   3.4860161e-01   6.4842330e-01
   3.0000000e+00   3.0000000e+00   5.3269695e-03   3.0043185e-01   6.9424118e-01
   3.0000000e+00   2.0000000e+00   2.9459689e-02   5.3788847e-01   4.3265184e-01
   1.0000000e+00   1.0000000e+00   9.6101494e-01   3.8985063e-02   3.5771983e-57
   3.0000000e+00   3.0000000e+00   3.0589819e-01   5.9133485e-03   6.8818846e-01
   3.0000000e+00   3.0000000e+00   1.6378018e-01   7.2327500e-03   8.2898707e-01
   1.0000000e+00   1.0000000e+00   9.9287362e-01   7.1263839e-03   1.1439423e-15
   1.0000000e+00   1.0000000e+00   9.9055153e-01   2.4913511e-03   6.9571194e-03
   3.0000000e+00   3.0000000e+00   7.5441863e-02   8.0174401e-03   9.1654070e-01
   3.0000000e+00   3.0000000e+00   4.0778166e-03   7.4644717e-02   9.2127747e-01
   2.0000000e+00   2.0000000e+00   6.2637227e-04   7.8974790e-01   2.0962573e-01
   2.0000000e+00   2.0000000e+00   4.3545177e-04   8.1681587e-01   1.8274868e-01
   2.0000000e+00   2.0000000e+00   6.6462062e-04   9.9906257e-01   2.7281205e-04
   2.0000000e+00   2.0000000e+00   4.0252409e-03   6.7116726e-01   3.2480750e-01
   3.0000000e+00   3.0000000e+00   2.1778778e-03   2.8864610e-01   7.0917602e-01
   3.0000000e+00   3.0000000e+00   2.9839015e-03   5.0862810e-02   9.4615329e-01
   3.0000000e+00   3.0000000e+00   7.3883006e-04   1.4145207e-01   8.5780910e-01
   3.0000000e+00   3.0000000e+00   2.4482152e-03   6.7799758e-02   9.2975203e-01
   3.0000000e+00   3.0000000e+00   6.6504973e-04   2.1219298e-01   7.8714197e-01
   3.0000000e+00   3.0000000e+00   2.5749375e-03   1.7171767e-01   8.2570740e-01
   3.0000000e+00   3.0000000e+00   2.2400567e-03   1.7090356e-01   8.2685639e-01
   3.0000000e+00   3.0000000e+00   1.4316559e-03   3.5376713e-01   6.4480122e-01
   3.0000000e+00   2.0000000e+00   2.8161007e-03   5.8549129e-01   4.1169261e-01
   3.0000000e+00   3.0000000e+00   4.4390934e-03   2.3412725e-02   9.7214818e-01
   3.0000000e+00   3.0000000e+00   9.5935910e-04   9.9426035e-03   9.8909804e-01
   3.0000000e+00   3.0000000e+00   2.7900356e-03   1.6474254e-02   9.8073571e-01
   3.0000000e+00   3.0000000e+00   6.9824907e-03   1.9625603e-01   7.9676148e-01
   3.0000000e+00   3.0000000e+00   3.6428762e-01   4.4186539e-02   5.9152584e-01
   1.0000000e+00   1.0000000e+00   9.9608353e-01   3.9164698e-03   3.4062933e-22
   1.0000000e+00   1.0000000e+00   9.9931164e-01   6.8835576e-04   2.3763447e-26
   3.0000000e+00   3.0000000e+00   1.5465658e-01   2.5611666e-03   8.4278225e-01
   3.0000000e+00   3.0000000e+00   1.3035517e-02   3.3045144e-02   9.5391934e-01
   3.0000000e+00   3.0000000e+00   1.5925568e-03   2.7015080e-01   7.2825664e-01
   2.0000000e+00   2.0000000e+00   6.8447498e-04   6.9056139e-01   3.0875414e-01
   2.0000000e+00   2.0000000e+00   1.9468003e-03   6.9811526e-01   2.9993794e-01
   3.0000000e+00   3.0000000e+00   1.5579787e-02   4.0751937e-02   9.4366828e-01
   3.0000000e+00   3.0000000e+00   6.3288412e-02   1.6275097e-02   9.2043649e-01
   3.0000000e+00   3.0000000e+00   4.0119109e-01   2.0544839e-02   5.7826407e-01
