chr19	3000000	3020000	3	0.0000000e+00	0.0000000e+00	1.0000000e+00
chr19	3020000	3040000	3	7.8314030e-08	1.2849190e-09	9.9999992e-01
chr19	3040000	3060000	3	2.6299593e-08	1.2474319e-40	9.9999997e-01
chr19	3060000	3080000	3	1.1016222e-08	1.9878749e-293	9.9999999e-01
chr19	3080000	3100000	3	2.9627462e-08	2.7034763e-68	9.9999997e-01
chr19	3100000	3120000	3	1.0293332e-08	2.9645426e-313	9.9999999e-01
chr19	3120000	3140000	3	2.7983160e-08	3.0895057e-63	9.9999997e-01
chr19	3140000	3160000	3	3.6183914e-08	1.0435452e-30	9.9999996e-01
chr19	3160000	3180000	3	1.9166776e-07	9.5842339e-04	9.9904138e-01
chr19	3180000	3200000	3	1.4115772e-07	8.6567097e-13	9.9999986e-01
chr19	3200000	3220000	3	2.5368591e-08	1.6750398e-48	9.9999997e-01
chr19	3220000	3240000	3	2.5218291e-08	2.6683595e-49	9.9999997e-01
chr19	3240000	3260000	3	2.4595493e-08	7.0798899e-156	9.9999998e-01
chr19	3260000	3280000	3	1.3146767e-08	1.8477156e-251	9.9999999e-01
chr19	3280000	3300000	3	3.4398866e-08	0.0000000e+00	9.9999997e-01
chr19	3300000	3320000	3	1.9327443e-08	0.0000000e+00	9.9999998e-01
chr19	3320000	3340000	3	7.6018624e-09	0.0000000e+00	9.9999999e-01
chr19	3340000	3360000	3	1.2415365e-08	2.7983541e-263	9.9999999e-01
chr19	3360000	3380000	3	7.7371174e-09	0.0000000e+00	9.9999999e-01
chr19	3380000	3400000	3	1.4055329e-08	1.2051390e-237	9.9999999e-01
chr19	3400000	3420000	3	9.3372012e-09	0.0000000e+00	9.9999999e-01
chr19	3420000	3440000	3	1.9955113e-08	4.5344180e-182	9.9999998e-01
chr19	3440000	3460000	3	3.6512519e-08	4.1572501e-100	9.9999996e-01
chr19	3460000	3480000	3	1.5949867e-08	1.1824386e-215	9.9999998e-01
chr19	3480000	3500000	3	2.8231095e-08	3.2041164e-36	9.9999997e-01
chr19	3500000	3520000	3	2.6486741e-08	3.3432226e-40	9.9999997e-01
chr19	3520000	3540000	3	8.9547030e-08	1.3460990e-06	9.9999856e-01
chr19	3540000	3560000	3	8.3915714e-08	2.1913425e-07	9.9999970e-01
chr19	3560000	3580000	3	4.9780633e-08	1.0388542e-22	9.9999995e-01
chr19	3580000	3600000	3	3.6626978e-08	1.4104332e-99	9.9999996e-01
chr19	3600000	3620000	3	3.1164788e-08	1.0516989e-128	9.9999997e-01
chr19	3620000	3640000	3	2.5224276e-08	1.0889724e-48	9.9999997e-01
chr19	3640000	3660000	3	3.5872936e-08	1.4396497e-141	9.9999996e-01
chr19	3660000	3680000	3	4.7411644e-07	3.0955783e-03	9.9690395e-01
chr19	3680000	3700000	3	5.6207539e-06	1.2847867e-02	9.8714651e-01
chr19	3700000	3720000	3	1.1691175e-05	1.2198232e-01	8.7800599e-01
chr19	3720000	3740000	3	1.8060626e-05	7.4574541e-03	9.9252449e-01
chr19	3740000	3760000	3	2.5613756e-07	5.1526280e-32	9.9999974e-01
chr19	3760000	3780000	3	3.3857356e-08	1.5618287e-30	9.9999997e-01
chr19	3780000	3800000	3	1.6367792e-08	9.4091537e-228	9.9999998e-01
chr19	3800000	3820000	3	1.7346507e-06	7.7295727e-83	9.9999827e-01
chr19	3820000	3840000	2	1.1040184e-05	5.6980482e-01	4.3018414e-01
chr19	3840000	3860000	3	4.9229062e-05	1.1667610e-12	9.9995077e-01
chr19	3860000	3880000	3	1.9530501e-05	3.7224956e-06	9.9997675e-01
chr19	3880000	3900000	2	4.9597918e-05	8.6612899e-01	1.3382142e-01
chr19	3900000	3920000	2	3.9395972e-04	9.9567260e-01	3.9334360e-03
chr19	3920000	3940000	2	2.7598885e-04	9.8816852e-01	1.1555490e-02
chr19	3940000	3960000	3	2.6379430e-03	8.3359210e-20	9.9736206e-01
chr19	3960000	3980000	2	1.1121263e-04	7.6590661e-01	2.3398218e-01
chr19	3980000	4000000	2	2.5842368e-04	9.9348673e-01	6.2548466e-03
chr19	4000000	4020000	2	6.7157526e-04	9.7005877e-01	2.9269656e-02
chr19	4020000	4040000	2	5.6755854e-04	9.8113799e-01	1.8294447e-02
chr19	4040000	4060000	2	3.3998440e-04	9.9917377e-01	4.8624072e-04
chr19	4060000	4080000	2	5.9973317e-04	9.9449822e-01	4.9020508e-03
chr19	4080000	4100000	2	8.7190427e-04	9.9819343e-01	9.3466584e-04
chr19	4100000	4120000	2	1.2358633e-03	9.9352143e-01	5.2427058e-03
chr19	4120000	4140000	2	1.3637443e-03	9.5322210e-01	4.5414151e-02
chr19	4140000	4160000	2	6.3988947e-03	9.9137807e-01	2.2230365e-03
chr19	4160000	4180000	2	1.1694656e-01	8.8282791e-01	2.2552795e-04
chr19	4180000	4200000	1	8.3489887e-01	1.6487994e-01	2.2118957e-04
chr19	4200000	4220000	1	8.9259887e-01	1.0739388e-01	7.2534997e-06
chr19	4220000	4240000	1	9.9999778e-01	2.6218111e-42	2.2163372e-06
chr19	4240000	4260000	1	9.9994617e-01	8.5273000e-13	5.3832357e-05
chr19	4260000	4280000	2	1.9926925e-02	9.7991503e-01	1.5804383e-04
chr19	4280000	4300000	2	9.0531547e-04	9.9891207e-01	1.8261257e-04
chr19	4300000	4320000	2	4.4151153e-03	9.9477739e-01	8.0749621e-04
chr19	4320000	4340000	2	5.7236329e-04	9.9913000e-01	2.9763443e-04
chr19	4340000	4360000	2	8.2861327e-04	9.9860750e-01	5.6388361e-04
chr19	4360000	4380000	2	3.1511239e-03	9.9372474e-01	3.1241380e-03
chr19	4380000	4400000	2	1.0474108e-03	9.5409614e-01	4.4856447e-02
chr19	4400000	4420000	3	1.9914012e-04	2.1004381e-01	7.8975705e-01
chr19	4420000	4440000	3	1.7711556e-05	7.5150719e-05	9.9990714e-01
chr19	4440000	4460000	3	9.0500786e-08	3.8568688e-25	9.9999991e-01
chr19	4460000	4480000	3	2.5294738e-08	1.9821682e-47	9.9999997e-01
chr19	4480000	4500000	3	2.5890622e-08	5.5331662e-150	9.9999997e-01
chr19	4500000	4520000	3	2.2682905e-08	9.7707340e-166	9.9999998e-01
chr19	4520000	4540000	3	3.4710305e-08	2.7756778e-46	9.9999997e-01
chr19	4540000	4560000	3	5.2392376e-06	7.9608363e-04	9.9919868e-01
chr19	4560000	4580000	2	2.4476128e-05	5.4386875e-01	4.5610678e-01
chr19	4580000	4600000	2	3.1287768e-04	8.2093540e-01	1.7875172e-01
chr19	4600000	4620000	2	1.9410481e-04	9.2122345e-01	7.8582444e-02
chr19	4620000	4640000	3	7.9486103e-05	1.6147113e-13	9.9992051e-01
chr19	4640000	4660000	3	2.8951469e-05	1.4049375e-07	9.9997091e-01
chr19	4660000	4680000	2	6.5928577e-05	9.3982158e-01	6.0112487e-02
chr19	4680000	4700000	2	5.3558082e-04	9.6494607e-01	3.4518344e-02
chr19	4700000	4720000	2	5.8839220e-04	9.8379669e-01	1.5614922e-02
chr19	4720000	4740000	2	3.5025057e-04	9.8476787e-01	1.4881875e-02
chr19	4740000	4760000	3	2.2334569e-04	3.8954165e-01	6.1023500e-01
chr19	4760000	4780000	3	1.4945638e-05	3.6672768e-63	9.9998505e-01
chr19	4780000	4800000	3	1.5591413e-05	1.9829268e-27	9.9998441e-01
chr19	4800000	4820000	3	4.5792980e-03	3.0834228e-08	9.9542067e-01
chr19	4820000	4840000	1	9.8398734e-01	8.0084054e-03	8.0042509e-03
chr19	4840000	4860000	1	9.9996590e-01	2.1639577e-29	3.4096107e-05
chr19	4860000	4880000	1	9.9999241e-01	7.1730815e-06	4.1595621e-07
chr19	4880000	4900000	1	9.9999993e-01	1.3387742e-29	7.2596992e-08
chr19	4900000	4920000	1	1.0000000e+00	2.2130656e-171	2.7188728e-09
chr19	4920000	4940000	1	9.9999993e-01	3.2271160e-30	7.1284246e-08
chr19	4940000	4960000	1	9.9999993e-01	1.7308013e-15	7.3559312e-08
chr19	4960000	4980000	1	9.9999991e-01	8.7937842e-21	8.9655659e-08
chr19	4980000	5000000	1	9.9999445e-01	1.3018227e-40	5.5464548e-06
chr19	5000000	5020000	1	8.8671664e-01	1.1311911e-01	1.6425000e-04
chr19	5020000	5040000	2	2.5637879e-02	9.7408233e-01	2.7978729e-04
chr19	5040000	5060000	2	1.3493689e-03	9.8901351e-01	9.6371168e-03
chr19	5060000	5080000	2	1.1256745e-03	9.9622542e-01	2.6489060e-03
chr19	5080000	5100000	2	1.0918821e-03	9.9694053e-01	1.9675874e-03
chr19	5100000	5120000	2	2.3161850e-03	9.9751682e-01	1.6699353e-04
chr19	5120000	5140000	2	1.1682869e-01	8.8311103e-01	6.0275168e-05
chr19	5140000	5160000	1	9.9987223e-01	3.5310502e-10	1.2777212e-04
chr19	5160000	5180000	1	9.6998745e-01	3.0008571e-02	3.9823928e-06
chr19	5180000	5200000	1	9.9488729e-01	5.1102498e-03	2.4609784e-06
chr19	5200000	5220000	1	9.9582098e-01	4.1774936e-03	1.5224945e-06
chr19	5220000	5240000	1	9.9492856e-01	5.0709976e-03	4.3774336e-07
chr19	5240000	5260000	1	9.9999990e-01	4.4706617e-36	9.6725749e-08
chr19	5260000	5280000	1	9.9999985e-01	5.8737184e-46	1.4913020e-07
chr19	5280000	5300000	1	9.9997067e-01	7.9602555e-31	2.9327399e-05
chr19	5300000	5320000	2	4.1102504e-01	5.8892667e-01	4.8285585e-05
chr19	5320000	5340000	1	7.4106180e-01	2.5791966e-01	1.0185323e-03
chr19	5340000	5360000	1	5.3979532e-01	4.5969073e-01	5.1395461e-04
chr19	5360000	5380000	2	9.3586052e-03	9.9049724e-01	1.4415619e-04
chr19	5380000	5400000	2	5.8080356e-04	9.9924755e-01	1.7164248e-04
chr19	5400000	5420000	2	4.7101455e-03	9.9448082e-01	8.0903248e-04
chr19	5420000	5440000	2	4.7972427e-04	9.9895131e-01	5.6896209e-04
chr19	5440000	5460000	2	4.3306940e-04	9.7581074e-01	2.3756193e-02
chr19	5460000	5480000	3	6.4026526e-05	3.5382566e-12	9.9993597e-01
chr19	5480000	5500000	3	4.2654947e-07	1.3442512e-06	9.9999823e-01
chr19	5500000	5520000	3	7.0618289e-08	2.6856621e-17	9.9999993e-01
chr19	5520000	5540000	3	2.9282651e-08	6.8362728e-67	9.9999997e-01
chr19	5540000	5560000	3	3.1867943e-08	1.0987412e-71	9.9999997e-01
chr19	5560000	5580000	3	5.6379532e-07	5.2991924e-37	9.9999944e-01
chr19	5580000	5600000	3	1.7137759e-05	2.2169541e-01	7.7828745e-01
chr19	5600000	5620000	3	4.3696703e-05	3.3767251e-02	9.6618905e-01
chr19	5620000	5640000	3	6.1831932e-06	4.2561738e-03	9.9573764e-01
chr19	5640000	5660000	3	2.1139802e-06	6.3433776e-12	9.9999789e-01
chr19	5660000	5680000	3	1.4520339e-05	4.4099188e-02	9.5588629e-01
chr19	5680000	5700000	2	1.0992706e-04	8.9928508e-01	1.0060499e-01
chr19	5700000	5720000	2	1.2088333e-03	9.8730483e-01	1.1486341e-02
chr19	5720000	5740000	2	6.2903009e-04	9.8373787e-01	1.5633095e-02
chr19	5740000	5760000	2	1.5759017e-03	9.9006003e-01	8.3640671e-03
chr19	5760000	5780000	2	5.0999685e-03	9.4440895e-01	5.0491086e-02
chr19	5780000	5800000	3	1.2475443e-04	4.4766302e-47	9.9987525e-01
chr19	5800000	5820000	3	1.5931535e-04	2.0347574e-07	9.9984048e-01
chr19	5820000	5840000	2	1.1947290e-02	9.8403376e-01	4.0189510e-03
chr19	5840000	5860000	1	9.9992297e-01	1.3995998e-30	7.7029212e-05
chr19	5860000	5880000	1	9.9986493e-01	3.8026394e-05	9.7044572e-05
chr19	5880000	5900000	1	5.9091433e-01	4.0876038e-01	3.2528425e-04
chr19	5900000	5920000	2	2.4759111e-02	9.7281203e-01	2.4288551e-03
chr19	5920000	5940000	2	1.2607303e-03	9.9169601e-01	7.0432621e-03
chr19	5940000	5960000	2	4.4263361e-04	9.9887966e-01	6.7770739e-04
chr19	5960000	5980000	2	1.4051898e-03	9.8092683e-01	1.7667980e-02
chr19	5980000	6000000	2	2.1035975e-02	9.7890305e-01	6.0971729e-05
chr19	6000000	6020000	1	9.9919982e-01	5.5012636e-06	7.9467758e-04
chr19	6020000	6040000	1	8.7551406e-01	1.2444766e-01	3.8281327e-05
chr19	6040000	6060000	1	9.7400917e-01	2.5784656e-02	2.0617048e-04
chr19	6060000	6080000	1	7.6586239e-01	2.3411917e-01	1.8439343e-05
chr19	6080000	6100000	1	9.9999930e-01	6.8040888e-56	6.9786637e-07
chr19	6100000	6120000	1	9.9999982e-01	1.8588341e-11	1.7781428e-07
chr19	6120000	6140000	1	9.9995574e-01	7.9747869e-38	4.4261370e-05
chr19	6140000	6160000	2	3.0441852e-02	9.6944112e-01	1.1703205e-04
chr19	6160000	6180000	2	2.6668705e-02	9.7324759e-01	8.3701964e-05
chr19	6180000	6200000	1	6.2069618e-01	3.7927595e-01	2.7875317e-05
chr19	6200000	6220000	1	9.9999796e-01	3.8389974e-36	2.0374029e-06
chr19	6220000	6240000	1	9.9999986e-01	9.1950529e-09	1.3540807e-07
chr19	6240000	6260000	1	9.9999991e-01	6.4871719e-12	8.9898146e-08
chr19	6260000	6280000	1	9.9999989e-01	6.2219050e-10	1.0716263e-07
chr19	6280000	6300000	1	9.9999995e-01	1.6502051e-46	5.3597828e-08
chr19	6300000	6320000	1	1.0000000e+00	1.2794628e-192	2.0396913e-09
chr19	6320000	6340000	1	1.0000000e+00	0.0000000e+00	1.1127491e-10
chr19	6340000	6360000	1	9.9999993e-01	7.9570849e-22	7.2356258e-08
chr19	6360000	6380000	1	9.9998412e-01	1.4784876e-05	1.0955567e-06
chr19	6380000	6400000	1	9.9988129e-01	5.9597006e-19	1.1871479e-04
chr19	6400000	6420000	2	5.2288114e-02	9.2900245e-01	1.8709434e-02
chr19	6420000	6440000	2	1.1066939e-03	6.8797614e-01	3.1091717e-01
chr19	6440000	6460000	3	8.1249656e-05	4.9976502e-03	9.9492110e-01
chr19	6460000	6480000	3	7.7851801e-07	5.5681154e-11	9.9999922e-01
chr19	6480000	6500000	3	9.1706221e-08	1.8328523e-09	9.9999991e-01
chr19	6500000	6520000	3	2.0385334e-06	4.8739977e-06	9.9999309e-01
chr19	6520000	6540000	3	2.7761505e-05	2.5498512e-01	7.4498712e-01
chr19	6540000	6560000	2	1.9029040e-03	9.9289853e-01	5.1985636e-03
chr19	6560000	6580000	2	3.4900429e-01	6.5071425e-01	2.8146685e-04
chr19	6580000	6600000	1	7.9091454e-01	2.0906735e-01	1.8112109e-05
chr19	6600000	6620000	1	9.9999832e-01	1.1508538e-09	1.6793703e-06
chr19	6620000	6640000	1	9.9999996e-01	2.0647780e-58	3.8328790e-08
chr19	6640000	6660000	1	9.9999993e-01	1.1548340e-24	7.0093527e-08
chr19	6660000	6680000	1	9.9999962e-01	1.6686663e-44	3.7972749e-07
chr19	6680000	6700000	1	9.9988150e-01	2.3096268e-05	9.5408200e-05
chr19	6700000	6720000	2	1.6811381e-02	9.8306934e-01	1.1927793e-04
chr19	6720000	6740000	2	5.9944881e-04	9.9923495e-01	1.6560061e-04
chr19	6740000	6760000	2	3.3208212e-04	9.9950109e-01	1.6682493e-04
chr19	6760000	6780000	2	3.2767260e-04	9.9950548e-01	1.6684974e-04
chr19	6780000	6800000	2	3.2760108e-04	9.9950555e-01	1.6685017e-04
chr19	6800000	6820000	2	3.2767261e-04	9.9950548e-01	1.6684869e-04
chr19	6820000	6840000	2	3.3208263e-04	9.9950115e-01	1.6676790e-04
chr19	6840000	6860000	2	5.9947914e-04	9.9923774e-01	1.6278435e-04
chr19	6860000	6880000	2	1.6813204e-02	9.8317427e-01	1.2526547e-05
chr19	6880000	6900000	1	9.9999034e-01	7.2128500e-07	8.9436014e-06
chr19	6900000	6920000	1	9.9999922e-01	5.6475618e-07	2.1385721e-07
chr19	6920000	6940000	1	9.9999982e-01	4.3723109e-11	1.8466358e-07
chr19	6940000	6960000	1	9.9869210e-01	1.3075700e-03	3.2769521e-07
chr19	6960000	6980000	1	9.9916818e-01	8.3159340e-04	2.2767560e-07
chr19	6980000	7000000	1	9.9997978e-01	1.8228485e-05	1.9927421e-06
chr19	7000000	7020000	1	9.8294680e-01	1.7041082e-02	1.2118181e-05
chr19	7020000	7040000	1	9.4883161e-01	5.1118436e-02	4.9952620e-05
chr19	7040000	7060000	1	8.6499746e-01	1.3459066e-01	4.1187980e-04
chr19	7060000	7080000	2	9.7584074e-02	8.9330558e-01	9.1103480e-03
chr19	7080000	7100000	2	2.1041928e-03	7.5089941e-01	2.4699639e-01
chr19	7100000	7120000	3	1.7270865e-04	1.6683941e-01	8.3298788e-01
chr19	7120000	7140000	3	5.1493141e-06	2.4610139e-28	9.9999485e-01
chr19	7140000	7160000	3	1.1660742e-07	7.3329945e-15	9.9999988e-01
chr19	7160000	7180000	3	2.9925076e-06	1.7402218e-33	9.9999701e-01
chr19	7180000	7200000	2	4.0007661e-04	9.3009714e-01	6.9502786e-02
chr19	7200000	7220000	2	6.0324127e-02	9.3926222e-01	4.1365608e-04
chr19	7220000	7240000	1	9.9999346e-01	1.2673705e-23	6.5381428e-06
chr19	7240000	7260000	1	9.9999946e-01	6.6491567e-18	5.4497141e-07
chr19	7260000	7280000	1	9.9991903e-01	3.5339259e-07	8.0612936e-05
chr19	7280000	7300000	2	4.8625545e-02	9.5111197e-01	2.6248628e-04
chr19	7300000	7320000	2	1.4225273e-03	9.9837128e-01	2.0619761e-04
chr19	7320000	7340000	2	4.1670334e-03	9.9444300e-01	1.3899623e-03
chr19	7340000	7360000	2	5.0968850e-02	9.4877984e-01	2.5131265e-04
chr19	7360000	7380000	1	9.1495409e-01	8.5028564e-02	1.7341944e-05
chr19	7380000	7400000	1	9.9971819e-01	2.8070274e-04	1.1022928e-06
chr19	7400000	7420000	1	1.0000000e+00	4.6806974e-224	1.5283428e-09
chr19	7420000	7440000	1	9.9999993e-01	1.5633252e-19	6.7690470e-08
chr19	7440000	7460000	1	9.9999996e-01	3.5941172e-54	4.0874273e-08
chr19	7460000	7480000	1	9.9999993e-01	1.2916566e-33	7.2171213e-08
chr19	7480000	7500000	1	9.9999968e-01	6.6230811e-19	3.1933621e-07
chr19	7500000	7520000	1	9.9993758e-01	8.9215528e-10	6.2421648e-05
chr19	7520000	7540000	2	3.8845789e-02	9.6096453e-01	1.8968615e-04
chr19	7540000	7560000	2	4.8141780e-02	9.4095108e-01	1.0907140e-02
chr19	7560000	7580000	2	1.2737992e-03	8.0665055e-01	1.9207565e-01
chr19	7580000	7600000	3	2.4966785e-05	8.1949528e-80	9.9997503e-01
chr19	7600000	7620000	3	8.8592882e-08	5.1142721e-54	9.9999991e-01
chr19	7620000	7640000	3	6.6816741e-06	3.2063858e-08	9.9999329e-01
chr19	7640000	7660000	2	3.2000851e-05	9.7298497e-01	2.6983032e-02
chr19	7660000	7680000	2	3.4075766e-03	9.6412403e-01	3.2468397e-02
chr19	7680000	7700000	2	3.0389292e-04	6.1238702e-01	3.8730909e-01
chr19	7700000	7720000	3	1.3600109e-05	9.8555062e-39	9.9998640e-01
chr19	7720000	7740000	3	5.7073756e-08	6.3270034e-74	9.9999994e-01
chr19	7740000	7760000	3	2.4317836e-08	1.4285132e-157	9.9999998e-01
chr19	7760000	7780000	3	3.2865401e-08	6.1068865e-122	9.9999997e-01
chr19	7780000	7800000	3	2.5694705e-08	1.2191305e-53	9.9999997e-01
chr19	7800000	7820000	3	4.4117615e-08	1.1096853e-24	9.9999996e-01
chr19	7820000	7840000	3	2.9499807e-08	1.3722526e-34	9.9999997e-01
chr19	7840000	7860000	3	8.1968857e-08	2.1034985e-11	9.9999992e-01
chr19	7860000	7880000	3	6.7855983e-07	3.9093360e-240	9.9999932e-01
chr19	7880000	7900000	2	1.1078956e-05	5.6142454e-01	4.3856438e-01
chr19	7900000	7920000	3	1.4545764e-05	1.2743546e-124	9.9998545e-01
chr19	7920000	7940000	3	4.7447380e-08	1.1319180e-43	9.9999995e-01
chr19	7940000	7960000	3	2.8731529e-08	3.0503241e-65	9.9999997e-01
chr19	7960000	7980000	3	5.9085062e-08	5.3948437e-20	9.9999994e-01
chr19	7980000	8000000	3	9.8073811e-08	6.5486793e-06	9.9999335e-01
chr19	8000000	8020000	3	2.7987218e-08	2.6471628e-62	9.9999997e-01
chr19	8020000	8040000	3	3.6063032e-08	6.0283021e-106	9.9999996e-01
chr19	8040000	8060000	3	2.2644529e-08	2.2588757e-166	9.9999998e-01
chr19	8060000	8080000	3	8.3210394e-08	2.0380086e-07	9.9999971e-01
chr19	8080000	8100000	3	2.6114806e-08	2.6196664e-46	9.9999997e-01
chr19	8100000	8120000	3	5.4971983e-07	1.1261557e-12	9.9999945e-01
chr19	8120000	8140000	3	2.3858271e-06	6.9399032e-02	9.3059858e-01
chr19	8140000	8160000	3	4.5515260e-06	3.5592733e-08	9.9999541e-01
chr19	8160000	8180000	3	1.1189117e-07	9.1033460e-07	9.9999898e-01
chr19	8180000	8200000	3	1.2282848e-07	2.2888805e-05	9.9997699e-01
chr19	8200000	8220000	3	2.2136448e-06	5.0558855e-59	9.9999779e-01
chr19	8220000	8240000	2	5.6824288e-05	8.8856478e-01	1.1137840e-01
chr19	8240000	8260000	2	2.9454427e-04	9.9835445e-01	1.3510039e-03
chr19	8260000	8280000	2	4.2511434e-04	9.9938116e-01	1.9372276e-04
chr19	8280000	8300000	2	3.2304226e-03	9.9599186e-01	7.7771931e-04
chr19	8300000	8320000	2	4.1460158e-02	9.5786065e-01	6.7918919e-04
chr19	8320000	8340000	2	2.6631137e-01	7.3329377e-01	3.9486214e-04
chr19	8340000	8360000	1	5.6254781e-01	4.3709620e-01	3.5599381e-04
chr19	8360000	8380000	1	6.7282301e-01	3.2707409e-01	1.0290975e-04
chr19	8380000	8400000	1	8.9701911e-01	1.0276403e-01	2.1686297e-04
chr19	8400000	8420000	1	8.5241233e-01	1.4756390e-01	2.3767553e-05
chr19	8420000	8440000	1	9.7951622e-01	2.0411678e-02	7.2098053e-05
chr19	8440000	8460000	1	9.3575033e-01	6.4213594e-02	3.6078814e-05
chr19	8460000	8480000	1	9.1009319e-01	8.9902180e-02	4.6289995e-06
chr19	8480000	8500000	1	9.9999994e-01	4.6811709e-122	6.0445600e-08
chr19	8500000	8520000	1	9.9999509e-01	2.1790635e-11	4.9107794e-06
chr19	8520000	8540000	1	9.2079424e-01	7.9202229e-02	3.5262726e-06
chr19	8540000	8560000	1	9.9999944e-01	2.1077148e-13	5.5668638e-07
chr19	8560000	8580000	1	9.9997160e-01	2.7943440e-05	4.6045884e-07
chr19	8580000	8600000	1	9.9996113e-01	1.2775766e-13	3.8872703e-05
chr19	8600000	8620000	2	2.8253477e-01	7.1703722e-01	4.2801134e-04
chr19	8620000	8640000	2	3.2645003e-02	9.6610339e-01	1.2516100e-03
chr19	8640000	8660000	2	3.4887547e-02	9.6509565e-01	1.6804442e-05
chr19	8660000	8680000	1	9.9999337e-01	3.8010611e-10	6.6302159e-06
chr19	8680000	8700000	1	9.9994754e-01	5.2270399e-05	1.8789575e-07
chr19	8700000	8720000	1	1.0000000e+00	2.4228202e-149	3.8206605e-09
chr19	8720000	8740000	1	9.9999999e-01	2.2439342e-89	1.3090090e-08
chr19	8740000	8760000	1	1.0000000e+00	0.0000000e+00	2.4563780e-09
chr19	8760000	8780000	1	9.9991800e-01	4.5795795e-74	8.1998488e-05
chr19	8780000	8800000	2	3.7327687e-02	9.0164797e-01	6.1024347e-02
chr19	8800000	8820000	3	8.6334805e-05	1.0191065e-65	9.9991367e-01
chr19	8820000	8840000	3	5.1124182e-08	0.0000000e+00	9.9999995e-01
chr19	8840000	8860000	3	2.6394793e-08	3.0765443e-57	9.9999997e-01
chr19	8860000	8880000	3	3.0106629e-08	7.9443964e-34	9.9999997e-01
chr19	8880000	8900000	3	9.1486097e-08	2.1786152e-06	9.9999773e-01
chr19	8900000	8920000	3	3.1008291e-08	1.3956547e-71	9.9999997e-01
chr19	8920000	8940000	3	2.1136902e-08	7.9933424e-175	9.9999998e-01
chr19	8940000	8960000	3	5.7847192e-08	2.4729267e-26	9.9999994e-01
chr19	8960000	8980000	3	7.3492524e-06	2.7321973e-05	9.9996533e-01
chr19	8980000	9000000	2	9.6553908e-05	9.3930215e-01	6.0601293e-02
chr19	9000000	9020000	2	8.2797689e-04	9.9828080e-01	8.9122341e-04
chr19	9020000	9040000	2	2.5250026e-02	9.7314426e-01	1.6057128e-03
chr19	9040000	9060000	2	5.7931584e-04	9.8674937e-01	1.2671310e-02
chr19	9060000	9080000	3	1.3021351e-04	1.5534923e-30	9.9986979e-01
chr19	9080000	9100000	3	4.3184327e-05	3.6025659e-02	9.6393116e-01
chr19	9100000	9120000	2	5.6049374e-04	9.2982714e-01	6.9612366e-02
chr19	9120000	9140000	2	5.9289109e-02	9.4019785e-01	5.1303804e-04
chr19	9140000	9160000	1	9.9999260e-01	8.0249599e-14	7.4044245e-06
chr19	9160000	9180000	1	9.9999929e-01	7.5399637e-23	7.0596377e-07
chr19	9180000	9200000	1	9.9989279e-01	1.9026546e-11	1.0721061e-04
chr19	9200000	9220000	2	1.5384808e-02	9.7382933e-01	1.0785858e-02
chr19	9220000	9240000	3	1.3711346e-04	3.2072464e-06	9.9985968e-01
chr19	9240000	9260000	3	2.4634512e-07	1.2065773e-38	9.9999975e-01
chr19	9260000	9280000	3	7.1668869e-08	7.7590434e-17	9.9999993e-01
chr19	9280000	9300000	3	7.9324739e-08	5.7136734e-09	9.9999991e-01
chr19	9300000	9320000	3	8.9289929e-08	1.1115822e-06	9.9999880e-01
chr19	9320000	9340000	3	1.0773976e-07	1.8368880e-05	9.9998152e-01
chr19	9340000	9360000	3	1.5610629e-07	2.1447977e-05	9.9997840e-01
chr19	9360000	9380000	3	3.3785674e-07	5.1978343e-03	9.9480183e-01
chr19	9380000	9400000	3	2.9231566e-06	1.1057594e-10	9.9999708e-01
chr19	9400000	9420000	3	1.2441701e-05	6.3435902e-02	9.3655166e-01
chr19	9420000	9440000	2	6.3922547e-05	6.9480683e-01	3.0512925e-01
chr19	9440000	9460000	2	4.0904093e-04	9.0447784e-01	9.5113118e-02
chr19	9460000	9480000	2	5.9007999e-04	9.7211659e-01	2.7293331e-02
chr19	9480000	9500000	2	2.6156202e-03	9.9692310e-01	4.6128018e-04
chr19	9500000	9520000	2	1.0418069e-01	8.9559414e-01	2.2516401e-04
chr19	9520000	9540000	1	7.9306286e-01	2.0690774e-01	2.9396590e-05
chr19	9540000	9560000	1	9.9322399e-01	6.7731267e-03	2.8863834e-06
chr19	9560000	9580000	1	9.9999989e-01	9.6918884e-21	1.1204380e-07
chr19	9580000	9600000	1	9.9999990e-01	3.6065716e-11	9.5304024e-08
chr19	9600000	9620000	1	9.9999993e-01	5.4567566e-19	6.8462420e-08
chr19	9620000	9640000	1	9.9999993e-01	2.9634690e-27	7.0380930e-08
chr19	9640000	9660000	1	9.9999993e-01	2.2360282e-22	6.8139295e-08
chr19	9660000	9680000	1	9.9999989e-01	4.4960974e-10	1.0543097e-07
chr19	9680000	9700000	1	9.9999995e-01	1.3658523e-40	4.5063614e-08
chr19	9700000	9720000	1	9.9999999e-01	1.0980250e-97	1.0595506e-08
chr19	9720000	9740000	1	1.0000000e+00	3.8458800e-164	3.0012786e-09
chr19	9740000	9760000	1	9.9999996e-01	8.0031164e-54	4.1082144e-08
chr19	9760000	9780000	1	9.9999999e-01	1.3209681e-116	6.9088850e-09
chr19	9780000	9800000	1	9.9999995e-01	1.3148148e-16	4.6587115e-08
chr19	9800000	9820000	1	1.0000000e+00	1.1033348e-226	1.3666193e-09
chr19	9820000	9840000	1	9.9999999e-01	3.0180349e-86	1.4952451e-08
chr19	9840000	9860000	1	9.9999917e-01	1.3314011e-97	8.3254327e-07
chr19	9860000	9880000	1	8.8617892e-01	1.1381402e-01	7.0613358e-06
chr19	9880000	9900000	1	9.9700925e-01	2.9831789e-03	7.5695726e-06
chr19	9900000	9920000	1	9.9991222e-01	1.7703379e-10	8.7778598e-05
chr19	9920000	9940000	2	1.5824047e-02	9.8249698e-01	1.6789785e-03
chr19	9940000	9960000	2	6.0850400e-04	7.8331329e-01	2.1607821e-01
chr19	9960000	9980000	3	1.7059246e-05	4.6709770e-43	9.9998294e-01
chr19	9980000	10000000	3	1.9951304e-08	0.0000000e+00	9.9999998e-01
chr19	10000000	10020000	3	3.6955815e-08	3.4112849e-90	9.9999996e-01
chr19	10020000	10040000	3	4.6738144e-07	2.3099121e-24	9.9999953e-01
chr19	10040000	10060000	3	5.2369079e-06	1.1412810e-01	8.8586667e-01
chr19	10060000	10080000	3	7.4409715e-06	1.6638763e-11	9.9999256e-01
chr19	10080000	10100000	3	7.6063730e-08	9.0478871e-22	9.9999992e-01
chr19	10100000	10120000	3	1.1245568e-07	1.9341131e-05	9.9998055e-01
chr19	10120000	10140000	3	8.9453671e-07	6.9368608e-15	9.9999911e-01
chr19	10140000	10160000	3	6.6601054e-05	8.1577045e-02	9.1835635e-01
chr19	10160000	10180000	2	8.6308575e-03	9.8549050e-01	5.8786377e-03
chr19	10180000	10200000	1	9.5450732e-01	4.5419487e-02	7.3193284e-05
chr19	10200000	10220000	1	9.9995345e-01	1.1446828e-06	4.5402720e-05
chr19	10220000	10240000	1	9.3466098e-01	6.5336059e-02	2.9634025e-06
chr19	10240000	10260000	1	9.9999986e-01	2.6030084e-107	1.4153708e-07
chr19	10260000	10280000	1	9.9996773e-01	1.9072326e-11	3.2267231e-05
chr19	10280000	10300000	2	4.8924245e-01	5.1016706e-01	5.9049495e-04
chr19	10300000	10320000	2	6.1811877e-02	9.2506951e-01	1.3118610e-02
chr19	10320000	10340000	2	1.2704932e-03	7.0374996e-01	2.9497955e-01
chr19	10340000	10360000	3	7.0389038e-05	2.2707265e-09	9.9992961e-01
chr19	10360000	10380000	3	2.5895362e-05	1.2942839e-05	9.9996116e-01
chr19	10380000	10400000	2	6.0870586e-05	8.6107764e-01	1.3886149e-01
chr19	10400000	10420000	2	5.3056047e-04	9.5194845e-01	4.7520988e-02
chr19	10420000	10440000	2	2.0976839e-03	9.9191337e-01	5.9889455e-03
chr19	10440000	10460000	2	2.5461194e-02	9.7451475e-01	2.4060222e-05
chr19	10460000	10480000	1	9.9161529e-01	8.3741153e-03	1.0595137e-05
chr19	10480000	10500000	1	9.9995862e-01	4.1076519e-05	3.0209265e-07
chr19	10500000	10520000	1	9.9999993e-01	4.1145827e-36	7.0758384e-08
chr19	10520000	10540000	1	9.9999993e-01	1.1692385e-27	7.0628976e-08
chr19	10540000	10560000	1	9.9999992e-01	8.5864935e-58	7.5681627e-08
chr19	10560000	10580000	1	9.9998103e-01	2.5258631e-41	1.8968184e-05
chr19	10580000	10600000	1	9.8669015e-01	8.2442546e-03	5.0655971e-03
chr19	10600000	10620000	3	1.7709259e-02	3.7421414e-01	6.0807660e-01
chr19	10620000	10640000	3	6.2705263e-03	1.7970502e-06	9.9372768e-01
chr19	10640000	10660000	2	2.7320806e-04	8.3047616e-01	1.6925063e-01
chr19	10660000	10680000	2	1.8544030e-03	9.8361364e-01	1.4531955e-02
chr19	10680000	10700000	2	9.0858426e-04	9.7692074e-01	2.2170672e-02
chr19	10700000	10720000	2	5.1469232e-04	8.6350987e-01	1.3597543e-01
chr19	10720000	10740000	3	1.6509297e-04	8.4894496e-10	9.9983491e-01
chr19	10740000	10760000	3	3.1566061e-06	2.1573883e-02	9.7842296e-01
chr19	10760000	10780000	3	1.4702481e-06	1.5035766e-09	9.9999853e-01
chr19	10780000	10800000	3	7.8734797e-08	1.1439136e-19	9.9999992e-01
chr19	10800000	10820000	3	3.3890480e-07	2.3106439e-03	9.9768902e-01
chr19	10820000	10840000	3	1.9612602e-05	1.4588180e-10	9.9998039e-01
chr19	10840000	10860000	2	2.8755872e-05	9.8922205e-01	1.0749197e-02
chr19	10860000	10880000	2	3.1754396e-03	9.9658561e-01	2.3894858e-04
chr19	10880000	10900000	2	1.5918397e-01	8.4076234e-01	5.3696543e-05
chr19	10900000	10920000	1	9.9999551e-01	9.7905437e-16	4.4890047e-06
chr19	10920000	10940000	1	9.9999994e-01	4.2312517e-19	6.4884763e-08
chr19	10940000	10960000	1	9.9999998e-01	6.6683705e-71	2.2746986e-08
chr19	10960000	10980000	1	9.9999993e-01	1.9254289e-24	6.8651747e-08
chr19	10980000	11000000	1	9.9999993e-01	6.6889231e-20	6.7817303e-08
chr19	11000000	11020000	1	9.9999996e-01	5.1466310e-58	3.8466402e-08
chr19	11020000	11040000	1	9.9999852e-01	1.8823141e-19	1.4818817e-06
chr19	11040000	11060000	1	9.9964631e-01	1.7228030e-23	3.5369163e-04
chr19	11060000	11080000	2	2.2389127e-02	8.5755293e-01	1.2005794e-01
chr19	11080000	11100000	3	7.2062752e-04	4.7818153e-01	5.2109784e-01
chr19	11100000	11120000	3	1.1442041e-04	1.8215571e-01	8.1772987e-01
chr19	11120000	11140000	3	4.8034075e-06	7.2736228e-32	9.9999520e-01
chr19	11140000	11160000	3	1.0090508e-07	1.2885528e-10	9.9999990e-01
chr19	11160000	11180000	3	5.6318498e-08	9.5850596e-21	9.9999994e-01
chr19	11180000	11200000	3	2.5301714e-08	2.5771191e-46	9.9999997e-01
chr19	11200000	11220000	3	3.6666136e-08	3.8468535e-100	9.9999996e-01
chr19	11220000	11240000	3	8.2153714e-08	1.2331414e-07	9.9999979e-01
chr19	11240000	11260000	3	1.2728468e-08	5.3711253e-259	9.9999999e-01
chr19	11260000	11280000	3	2.5780344e-08	1.9836560e-54	9.9999997e-01
chr19	11280000	11300000	3	3.5846007e-08	2.3187896e-88	9.9999996e-01
chr19	11300000	11320000	3	7.9225403e-08	1.5531381e-12	9.9999992e-01
chr19	11320000	11340000	3	5.4033136e-08	1.6543186e-44	9.9999995e-01
chr19	11340000	11360000	3	1.0679914e-05	5.8249807e-03	9.9416434e-01
chr19	11360000	11380000	2	9.1628542e-05	9.2098747e-01	7.8920899e-02
chr19	11380000	11400000	2	3.1343337e-04	9.9869488e-01	9.9168784e-04
chr19	11400000	11420000	2	3.2556161e-04	9.9886370e-01	8.1073685e-04
chr19	11420000	11440000	2	6.0091909e-04	9.3908517e-01	6.0313908e-02
chr19	11440000	11460000	2	2.8151305e-03	7.2456610e-01	2.7261877e-01
chr19	11460000	11480000	2	3.2708345e-04	9.8488457e-01	1.4788346e-02
chr19	11480000	11500000	2	3.4424268e-03	9.1410278e-01	8.2454792e-02
chr19	11500000	11520000	2	2.9918576e-02	9.6587272e-01	4.2087077e-03
chr19	11520000	11540000	1	6.6341896e-01	3.3638755e-01	1.9349119e-04
chr19	11540000	11560000	1	9.2031380e-01	7.9504711e-02	1.8148954e-04
chr19	11560000	11580000	1	8.9281482e-01	1.0715614e-01	2.9038914e-05
chr19	11580000	11600000	1	9.5916234e-01	4.0834362e-02	3.3004316e-06
chr19	11600000	11620000	1	9.9999971e-01	2.3630222e-17	2.8505010e-07
chr19	11620000	11640000	1	9.9999993e-01	1.6097650e-36	7.2145680e-08
chr19	11640000	11660000	1	9.9999943e-01	2.6699243e-35	5.6754750e-07
chr19	11660000	11680000	1	9.9780062e-01	2.1035874e-03	9.5796976e-05
chr19	11680000	11700000	2	6.4650393e-02	9.3442247e-01	9.2713426e-04
chr19	11700000	11720000	2	5.9848227e-03	9.9382424e-01	1.9093904e-04
chr19	11720000	11740000	2	5.3914906e-02	9.4544897e-01	6.3612091e-04
chr19	11740000	11760000	2	1.7891801e-01	8.2096025e-01	1.2174370e-04
chr19	11760000	11780000	1	9.2108651e-01	7.8815863e-02	9.7629230e-05
chr19	11780000	11800000	1	9.6289954e-01	3.7097313e-02	3.1469658e-06
chr19	11800000	11820000	1	9.9992809e-01	7.0568232e-05	1.3467500e-06
chr19	11820000	11840000	1	9.9997248e-01	1.7656089e-21	2.7522490e-05
chr19	11840000	11860000	2	4.6507741e-01	5.3455362e-01	3.6896503e-04
chr19	11860000	11880000	1	5.5017937e-01	4.4979328e-01	2.7358025e-05
chr19	11880000	11900000	1	9.9999729e-01	1.1797110e-12	2.7116750e-06
chr19	11900000	11920000	1	9.9999995e-01	1.8080054e-52	5.0090080e-08
chr19	11920000	11940000	1	9.9999999e-01	4.2984657e-102	9.5314990e-09
chr19	11940000	11960000	1	9.9999999e-01	5.4536715e-87	1.3986493e-08
chr19	11960000	11980000	1	9.9999998e-01	1.0980383e-70	2.2840370e-08
chr19	11980000	12000000	1	9.9999993e-01	1.7750194e-35	6.9769421e-08
chr19	12000000	12020000	1	9.9999997e-01	1.4625197e-64	2.8036799e-08
chr19	12020000	12040000	1	1.0000000e+00	6.3860532e-143	4.1952398e-09
chr19	12040000	12060000	1	9.9999999e-01	4.8432664e-153	1.0508083e-08
chr19	12060000	12080000	1	9.9996688e-01	4.6410177e-84	3.3117715e-05
chr19	12080000	12100000	2	6.9684498e-02	9.0218172e-01	2.8133785e-02
chr19	12100000	12120000	3	3.8592922e-04	1.6656335e-10	9.9961407e-01
chr19	12120000	12140000	3	2.6910630e-06	3.7457932e-05	9.9995985e-01
chr19	12140000	12160000	3	9.2985066e-08	7.0955250e-14	9.9999991e-01
chr19	12160000	12180000	3	8.6204482e-08	5.0410222e-07	9.9999941e-01
chr19	12180000	12200000	3	6.6870853e-08	7.1515891e-19	9.9999993e-01
chr19	12200000	12220000	3	1.7500694e-07	5.8332210e-04	9.9941650e-01
chr19	12220000	12240000	3	3.2075856e-07	1.1534908e-04	9.9988433e-01
chr19	12240000	12260000	3	1.0308743e-05	1.6407024e-03	9.9834899e-01
chr19	12260000	12280000	2	1.0126717e-04	9.2977993e-01	7.0118801e-02
chr19	12280000	12300000	2	5.7876525e-04	9.9844020e-01	9.8103645e-04
chr19	12300000	12320000	2	1.1546567e-02	9.8762989e-01	8.2354674e-04
chr19	12320000	12340000	2	1.1045476e-02	9.8808090e-01	8.7362409e-04
chr19	12340000	12360000	2	3.1886234e-02	9.6732327e-01	7.9049804e-04
chr19	12360000	12380000	2	4.2225813e-02	9.5730162e-01	4.7256499e-04
chr19	12380000	12400000	2	2.8946987e-01	7.1048275e-01	4.7376949e-05
chr19	12400000	12420000	1	9.9989762e-01	2.2734483e-09	1.0238049e-04
chr19	12420000	12440000	1	9.7374313e-01	2.6233495e-02	2.3372547e-05
chr19	12440000	12460000	1	9.2086180e-01	7.9134154e-02	4.0499711e-06
chr19	12460000	12480000	1	9.9980219e-01	1.9182363e-04	5.9853211e-06
chr19	12480000	12500000	1	9.9952147e-01	3.8630724e-04	9.2222676e-05
chr19	12500000	12520000	2	1.4773423e-01	8.5166524e-01	6.0052348e-04
chr19	12520000	12540000	2	6.2407121e-03	9.9139244e-01	2.3668523e-03
chr19	12540000	12560000	2	4.5814952e-04	9.9915157e-01	3.9027772e-04
chr19	12560000	12580000	2	5.0239101e-04	9.8196916e-01	1.7528449e-02
chr19	12580000	12600000	3	6.5405979e-05	6.6126153e-11	9.9993459e-01
chr19	12600000	12620000	3	1.3655646e-07	1.5096924e-39	9.9999986e-01
chr19	12620000	12640000	3	7.5908076e-07	1.3844018e-04	9.9986080e-01
chr19	12640000	12660000	3	2.3675510e-06	6.7831081e-02	9.3216655e-01
chr19	12660000	12680000	3	6.4449560e-06	1.0096250e-04	9.9989259e-01
chr19	12680000	12700000	3	1.8382987e-06	1.0837564e-13	9.9999816e-01
chr19	12700000	12720000	3	1.0980228e-05	1.7902045e-01	8.2096857e-01
chr19	12720000	12740000	3	7.5282816e-04	1.0156896e-01	8.9767821e-01
chr19	12740000	12760000	2	1.1248105e-04	7.7125918e-01	2.2862834e-01
chr19	12760000	12780000	2	5.5554337e-04	9.5804445e-01	4.1400007e-02
chr19	12780000	12800000	2	6.6483203e-04	9.8785292e-01	1.1482245e-02
chr19	12800000	12820000	2	2.0307468e-03	9.9535859e-01	2.6106643e-03
chr19	12820000	12840000	2	2.0979829e-02	9.7900391e-01	1.6256766e-05
chr19	12840000	12860000	1	9.9995139e-01	7.9145036e-10	4.8611367e-05
chr19	12860000	12880000	1	9.9985059e-01	2.6248991e-12	1.4940748e-04
chr19	12880000	12900000	2	1.2520777e-01	8.6146720e-01	1.3325039e-02
chr19	12900000	12920000	2	6.3202106e-03	6.0520471e-01	3.8847508e-01
chr19	12920000	12940000	2	5.1283347e-04	5.5728794e-01	4.4219923e-01
chr19	12940000	12960000	3	2.3081101e-03	3.1390387e-06	9.9768875e-01
chr19	12960000	12980000	2	9.8465081e-05	7.0031202e-01	2.9958952e-01
chr19	12980000	13000000	2	5.2598970e-04	9.5330945e-01	4.6164562e-02
chr19	13000000	13020000	2	3.3686555e-04	9.9184026e-01	7.8228783e-03
chr19	13020000	13040000	2	2.7035762e-03	7.8342761e-01	2.1386881e-01
chr19	13040000	13060000	2	8.4548782e-04	9.7592458e-01	2.3229931e-02
chr19	13060000	13080000	2	3.6322045e-04	9.9914919e-01	4.8758494e-04
chr19	13080000	13100000	2	8.0427663e-04	9.9824379e-01	9.5192963e-04
chr19	13100000	13120000	2	7.8922564e-04	9.8621594e-01	1.2994836e-02
chr19	13120000	13140000	2	4.7242538e-03	5.5204434e-01	4.4323141e-01
chr19	13140000	13160000	2	9.5236418e-04	9.6219798e-01	3.6849653e-02
chr19	13160000	13180000	2	3.5902185e-04	9.9900478e-01	6.3619442e-04
chr19	13180000	13200000	2	1.4464539e-03	9.9710963e-01	1.4439148e-03
chr19	13200000	13220000	2	1.2836174e-03	9.9514688e-01	3.5695059e-03
chr19	13220000	13240000	2	7.9415659e-04	9.7400545e-01	2.5200390e-02
chr19	13240000	13260000	2	3.3387044e-04	9.9925094e-01	4.1518934e-04
chr19	13260000	13280000	2	3.4852199e-04	9.9948078e-01	1.7069623e-04
chr19	13280000	13300000	2	9.5928187e-04	9.9867010e-01	3.7061849e-04
chr19	13300000	13320000	2	6.3184314e-04	9.9913075e-01	2.3740277e-04
chr19	13320000	13340000	2	3.7183416e-03	9.9544246e-01	8.3919675e-04
chr19	13340000	13360000	2	1.2039488e-03	9.9854304e-01	2.5300711e-04
chr19	13360000	13380000	2	1.7425339e-02	9.8180770e-01	7.6696287e-04
chr19	13380000	13400000	2	5.0734894e-02	9.4847499e-01	7.9011856e-04
chr19	13400000	13420000	2	6.5075123e-02	9.3449947e-01	4.2540315e-04
chr19	13420000	13440000	1	5.8481720e-01	4.1515147e-01	3.1326781e-05
chr19	13440000	13460000	1	9.9858554e-01	1.4080027e-03	6.4606658e-06
chr19	13460000	13480000	1	9.9931676e-01	6.8294620e-04	2.9319839e-07
chr19	13480000	13500000	1	9.9986323e-01	1.3427496e-04	2.4983763e-06
chr19	13500000	13520000	1	9.7820020e-01	2.1780233e-02	1.9565265e-05
chr19	13520000	13540000	1	9.0703378e-01	9.2916995e-02	4.9229438e-05
chr19	13540000	13560000	1	8.7204452e-01	1.2792554e-01	2.9933814e-05
chr19	13560000	13580000	1	9.5731387e-01	4.2673281e-02	1.2848045e-05
chr19	13580000	13600000	1	9.9516106e-01	4.7286147e-03	1.1032655e-04
chr19	13600000	13620000	1	7.2579659e-01	2.7406378e-01	1.3962798e-04
chr19	13620000	13640000	1	7.1066775e-01	2.8914495e-01	1.8730128e-04
chr19	13640000	13660000	1	7.2303819e-01	2.7694531e-01	1.6497234e-05
chr19	13660000	13680000	1	9.9998498e-01	9.3124290e-06	5.7089605e-06
chr19	13680000	13700000	1	9.9895443e-01	1.0423262e-03	3.2478703e-06
chr19	13700000	13720000	1	9.7896081e-01	2.1016576e-02	2.2609490e-05
chr19	13720000	13740000	1	8.8086868e-01	1.1912444e-01	6.8797116e-06
chr19	13740000	13760000	1	9.9993909e-01	3.6372680e-05	2.4541331e-05
chr19	13760000	13780000	1	9.7590361e-01	2.4095228e-02	1.1613470e-06
chr19	13780000	13800000	1	9.9999981e-01	3.6823480e-22	1.9014240e-07
chr19	13800000	13820000	1	9.9999989e-01	1.0335382e-09	1.1041850e-07
chr19	13820000	13840000	1	9.9999993e-01	1.3003054e-32	7.1776187e-08
chr19	13840000	13860000	1	9.9999992e-01	1.2427973e-13	7.9910077e-08
chr19	13860000	13880000	1	9.9999990e-01	8.9303397e-11	9.8438211e-08
chr19	13880000	13900000	1	9.9999996e-01	2.3738859e-223	3.9459336e-08
chr19	13900000	13920000	1	9.7029395e-01	2.9598315e-02	1.0773609e-04
chr19	13920000	13940000	2	1.3993991e-01	8.5950440e-01	5.5568574e-04
chr19	13940000	13960000	2	3.3677563e-02	9.6502963e-01	1.2928048e-03
chr19	13960000	13980000	2	1.6252254e-02	9.7265828e-01	1.1089471e-02
chr19	13980000	14000000	2	6.0837115e-04	7.7166063e-01	2.2773100e-01
chr19	14000000	14020000	3	5.3224710e-05	1.6985359e-06	9.9994508e-01
chr19	14020000	14040000	3	1.1218555e-07	3.6908054e-60	9.9999989e-01
chr19	14040000	14060000	3	7.6275391e-09	0.0000000e+00	9.9999999e-01
chr19	14060000	14080000	3	1.9275427e-08	1.0251115e-186	9.9999998e-01
chr19	14080000	14100000	3	2.7500559e-08	1.6952859e-37	9.9999997e-01
chr19	14100000	14120000	3	1.7166002e-08	7.7412900e-204	9.9999998e-01
chr19	14120000	14140000	3	3.0636813e-08	4.1552072e-71	9.9999997e-01
chr19	14140000	14160000	3	1.3778480e-08	8.5341243e-242	9.9999999e-01
chr19	14160000	14180000	3	1.2918070e-08	6.3741737e-255	9.9999999e-01
chr19	14180000	14200000	3	2.6451342e-08	7.7096329e-58	9.9999997e-01
chr19	14200000	14220000	3	1.4889499e-08	3.4441679e-227	9.9999999e-01
chr19	14220000	14240000	3	7.7776321e-09	0.0000000e+00	9.9999999e-01
chr19	14240000	14260000	3	1.9543080e-08	7.3825186e-185	9.9999998e-01
chr19	14260000	14280000	3	3.2489515e-08	2.3912180e-123	9.9999997e-01
chr19	14280000	14300000	3	1.7758946e-08	1.4940589e-198	9.9999998e-01
chr19	14300000	14320000	3	1.0281088e-08	2.8274830e-313	9.9999999e-01
chr19	14320000	14340000	3	2.0853623e-08	3.6151467e-176	9.9999998e-01
chr19	14340000	14360000	3	2.5955946e-08	1.7537226e-55	9.9999997e-01
chr19	14360000	14380000	3	1.6447490e-08	1.9537621e-210	9.9999998e-01
chr19	14380000	14400000	3	1.8138834e-08	2.0864501e-195	9.9999998e-01
chr19	14400000	14420000	3	2.3993800e-08	9.5281720e-159	9.9999998e-01
chr19	14420000	14440000	3	1.2855108e-08	3.3773365e-256	9.9999999e-01
chr19	14440000	14460000	3	3.4505640e-08	1.0387708e-114	9.9999997e-01
chr19	14460000	14480000	3	1.7032221e-08	6.4389147e-205	9.9999998e-01
chr19	14480000	14500000	3	9.4236509e-09	0.0000000e+00	9.9999999e-01
chr19	14500000	14520000	3	7.6062157e-09	0.0000000e+00	9.9999999e-01
chr19	14520000	14540000	3	1.7023031e-08	6.4205571e-205	9.9999998e-01
chr19	14540000	14560000	3	2.7335394e-08	8.2615722e-144	9.9999997e-01
chr19	14560000	14580000	3	3.6436517e-08	3.3615817e-102	9.9999996e-01
chr19	14580000	14600000	3	2.5651157e-08	1.9218104e-53	9.9999997e-01
chr19	14600000	14620000	3	3.1696513e-08	5.2969839e-74	9.9999997e-01
chr19	14620000	14640000	3	2.5504085e-08	6.8541357e-44	9.9999997e-01
chr19	14640000	14660000	3	2.8179387e-08	2.4096112e-36	9.9999997e-01
chr19	14660000	14680000	3	3.1284710e-08	1.8844363e-32	9.9999997e-01
chr19	14680000	14700000	3	4.1629499e-08	3.7057248e-121	9.9999996e-01
chr19	14700000	14720000	3	3.1003089e-07	2.8742190e-03	9.9712547e-01
chr19	14720000	14740000	3	1.1241035e-05	5.8156092e-08	9.9998870e-01
chr19	14740000	14760000	3	1.7636964e-04	3.7419261e-01	6.2563102e-01
chr19	14760000	14780000	3	8.8320097e-05	1.7063740e-01	8.2927428e-01
chr19	14780000	14800000	3	1.7465752e-05	4.6460619e-10	9.9998253e-01
chr19	14800000	14820000	3	9.5148667e-07	5.9108254e-03	9.9408822e-01
chr19	14820000	14840000	3	6.2965115e-05	7.2409073e-04	9.9921294e-01
chr19	14840000	14860000	2	6.0091853e-04	9.0061524e-01	9.8783839e-02
chr19	14860000	14880000	2	1.5162695e-01	7.4690772e-01	1.0146533e-01
chr19	14880000	14900000	1	9.1493182e-01	8.4366312e-02	7.0186987e-04
chr19	14900000	14920000	1	9.9999233e-01	3.8886576e-07	7.2859448e-06
chr19	14920000	14940000	1	9.9978917e-01	2.1062597e-04	2.0324030e-07
